"Site"	"Year"	"T1"	"T2"	"T3"	"RAD1"	"RAD2"	"RAD3"	"B"
"1"	1	1995	13.4421568627451	19.8225490196078	22.2754901960784	18.5294117647059	21.4411764705882	20.1078431372549	2663.20163590824
"2"	2	1995	13.371568627451	19.9696078431373	23.05	17.9705882352941	21.8019607843137	20.4137254901961	2647.05692353884
"3"	3	1995	13.3	19.321568627451	21.3558823529412	20.0764705882353	22.4882352941176	20.4117647058824	2800.85642531268
"4"	4	1995	12.4735294117647	19.1088235294118	22.3725490196078	17.0588235294118	20.1901960784314	19.2647058823529	2556.53755426397
"5"	5	1995	11.3480392156863	16.9921568627451	20.6401960784314	15.1098039215686	18.8372549019608	18.521568627451	2698.30262790983
"6"	6	1995	12.7176470588235	19.4352941176471	22.3529411764706	16.8176470588235	20.8117647058824	19.6725490196078	2597.52146128709
"7"	7	1995	13.0460784313725	19.2382352941176	21.306862745098	19.9254901960784	22.7372549019608	20.4862745098039	2846.42613660175
"8"	8	1995	12.4735294117647	19.1088235294118	22.3725490196078	17.0588235294118	20.1901960784314	19.2647058823529	2556.53755426397
"9"	9	1995	11.7441176470588	18.443137254902	21.9656862745098	14.8117647058824	18.9941176470588	18.4352941176471	2453.55469344676
"10"	10	1995	13.7754901960784	19.6470588235294	21.7254901960784	19.5235294117647	21.6372549019608	19.5411764705882	2673.48607444992
"11"	11	1995	13.4421568627451	19.8225490196078	22.2754901960784	18.5294117647059	21.4411764705882	20.1078431372549	2663.20163590824
"12"	12	1995	14.7980392156863	20.6245098039216	22.643137254902	19.0960784313726	22.8941176470588	20.1509803921569	2726.06017563969
"13"	13	1995	14.3196078431373	20.5490196078431	22.9872549019608	19.4647058823529	23.2372549019608	20.8960784313725	2778.82025905533
"14"	14	1995	12.0117647058824	18.3754901960784	20.8176470588235	18.5294117647059	21.4411764705882	20.1078431372549	2765.50974612453
"15"	15	1995	14.3127450980392	20.0735294117647	22.6656862745098	19.4647058823529	23.2372549019608	20.8960784313725	2884.17778704875
"16"	16	1995	13.371568627451	19.9696078431373	23.05	17.9705882352941	21.8019607843137	20.4137254901961	2647.05692353884
"17"	17	1995	11.7990196078431	18.1950980392157	21.5039215686275	16.0666666666667	19.6549019607843	18.9372549019608	2541.41325114159
"18"	18	1995	14.7980392156863	20.6245098039216	22.643137254902	19.0960784313726	22.8941176470588	20.1509803921569	2726.06017563969
"19"	19	1995	11.8441176470588	18.7990196078431	21.921568627451	16.0196078431373	20.5529411764706	19.0529411764706	2568.66008678913
"20"	20	1995	11.7990196078431	18.1950980392157	21.5039215686275	16.0666666666667	19.6549019607843	18.9372549019608	2541.41325114159
"21"	21	1995	11.8441176470588	18.7990196078431	21.921568627451	16.0196078431373	20.5529411764706	19.0529411764706	2568.66008678913
"22"	22	1995	14.3196078431373	20.5490196078431	22.9872549019608	19.4647058823529	23.2372549019608	20.8960784313725	2778.82025905533
"23"	23	1995	12.7176470588235	19.4352941176471	22.3529411764706	16.8176470588235	20.8117647058824	19.6725490196078	2597.52146128709
"24"	24	1995	14.3196078431373	20.5490196078431	22.9872549019608	19.4647058823529	23.2372549019608	20.8960784313725	2778.82025905533
"25"	25	1995	12.1803921568627	18.9921568627451	22.2147058823529	16.0196078431373	20.5529411764706	19.0529411764706	2540.75047018754
"26"	26	1995	12.7176470588235	19.4352941176471	22.3529411764706	16.8176470588235	20.8117647058824	19.6725490196078	2597.52146128709
"27"	27	1995	12.95	19.1803921568627	21.3078431372549	19.1196078431373	22.8294117647059	20.7509803921569	2851.31846690663
"28"	28	1995	11.7156862745098	18.3343137254902	21.8098039215686	14.8117647058824	18.9941176470588	18.4352941176471	2440.69433557732
"29"	29	1995	11.7156862745098	18.3343137254902	21.8098039215686	14.8117647058824	18.9941176470588	18.4352941176471	2440.69433557732
"30"	30	1995	14.3127450980392	20.0735294117647	22.6656862745098	19.4647058823529	23.2372549019608	20.8960784313725	2884.17778704875
"31"	31	1995	14.1970588235294	20.2470588235294	22.2843137254902	19.2823529411765	22.3254901960784	20.5019607843137	2679.22585184734
"32"	32	1995	13.371568627451	19.9696078431373	23.05	17.9705882352941	21.8019607843137	20.4137254901961	2647.05692353884
"33"	33	1995	11.7990196078431	18.1950980392157	21.5039215686275	16.0666666666667	19.6549019607843	18.9372549019608	2541.41325114159
"34"	34	1995	14.1970588235294	20.2470588235294	22.2843137254902	19.2823529411765	22.3254901960784	20.5019607843137	2679.22585184734
"35"	35	1995	14.7980392156863	20.6245098039216	22.643137254902	19.0960784313726	22.8941176470588	20.1509803921569	2726.06017563969
"36"	36	1995	12.7176470588235	19.4352941176471	22.3529411764706	16.8176470588235	20.8117647058824	19.6725490196078	2597.52146128709
"37"	37	1995	13.3	19.321568627451	21.3558823529412	20.0764705882353	22.4882352941176	20.4117647058824	2800.85642531268
"38"	38	1995	12.1803921568627	18.9921568627451	22.2147058823529	16.0196078431373	20.5529411764706	19.0529411764706	2540.75047018754
"39"	39	1995	11.7441176470588	18.443137254902	21.9656862745098	14.8117647058824	18.9941176470588	18.4352941176471	2453.55469344676
"40"	40	1995	13.3	19.321568627451	21.3558823529412	20.0764705882353	22.4882352941176	20.4117647058824	2800.85642531268
"41"	1	1996	13.5647058823529	19.6450980392157	20.5637254901961	16.756862745098	22.4823529411765	19.2	2838.16444457202
"42"	2	1996	13.4950980392157	19.9686274509804	21.0823529411765	16.878431372549	23.5509803921569	20.443137254902	2937.12259668044
"43"	3	1996	13.2156862745098	19.2990196078431	19.8676470588235	18.8392156862745	21.3647058823529	18.7	2743.68097428676
"44"	4	1996	12.6588235294118	19.1892156862745	20.2980392156863	15.0509803921569	22.0137254901961	20.1392156862745	2883.66953190451
"45"	5	1996	10.3666666666667	16.2411764705882	18.3941176470588	14.2882352941176	20	17.8392156862745	2889.94565259424
"46"	6	1996	13.0892156862745	19.3343137254902	20.4049019607843	16.0921568627451	22.3254901960784	19.5	2877.7867027125
"47"	7	1996	13.1117647058824	19.1519607843137	19.8274509803922	18.6921568627451	21.9294117647059	19.6901960784314	2840.27091725505
"48"	8	1996	12.6588235294118	19.1892156862745	20.2980392156863	15.0509803921569	22.0137254901961	20.1392156862745	2883.66953190451
"49"	9	1996	11.606862745098	18.1637254901961	19.6049019607843	14.4058823529412	20.8235294117647	18.956862745098	2857.14089634211
"50"	10	1996	13.5441176470588	19.721568627451	20.2166666666667	18.5450980392157	20.1450980392157	17.2921568627451	2558.59542881303
"51"	11	1996	13.5647058823529	19.6450980392157	20.5637254901961	16.756862745098	22.4823529411765	19.2	2838.16444457202
"52"	12	1996	14.521568627451	20.5147058823529	21.1205882352941	18.5764705882353	22.5078431372549	18.9647058823529	2779.21254916468
"53"	13	1996	14.2137254901961	20.3696078431373	21.3294117647059	18.3313725490196	23.7588235294118	20.621568627451	2946.84661989479
"54"	14	1996	12.2274509803922	18.2529411764706	19.1205882352941	16.756862745098	22.4823529411765	19.2	3025.98308538484
"55"	15	1996	13.9470588235294	19.9441176470588	21.0774509803922	18.3313725490196	23.7588235294118	20.621568627451	3030.13496127064
"56"	16	1996	13.4950980392157	19.9686274509804	21.0823529411765	16.878431372549	23.5509803921569	20.443137254902	2937.12259668044
"57"	17	1996	11.5176470588235	17.9813725490196	19.4127450980392	13.9725490196078	21.3274509803922	19.3235294117647	2937.55614294763
"58"	18	1996	14.521568627451	20.5147058823529	21.1205882352941	18.5764705882353	22.5078431372549	18.9647058823529	2779.21254916468
"59"	19	1996	12.3686274509804	18.7117647058824	19.8882352941176	15.7294117647059	21.7686274509804	19.2921568627451	2880.30796889207
"60"	20	1996	11.5176470588235	17.9813725490196	19.4127450980392	13.9725490196078	21.3274509803922	19.3235294117647	2937.55614294763
"61"	21	1996	12.3686274509804	18.7117647058824	19.8882352941176	15.7294117647059	21.7686274509804	19.2921568627451	2880.30796889207
"62"	22	1996	14.2137254901961	20.3696078431373	21.3294117647059	18.3313725490196	23.7588235294118	20.621568627451	2946.84661989479
"63"	23	1996	13.0892156862745	19.3343137254902	20.4049019607843	16.0921568627451	22.3254901960784	19.5	2877.7867027125
"64"	24	1996	14.2137254901961	20.3696078431373	21.3294117647059	18.3313725490196	23.7588235294118	20.621568627451	2946.84661989479
"65"	25	1996	12.5578431372549	18.9970588235294	20.1617647058824	15.7294117647059	21.7686274509804	19.2921568627451	2858.23457176601
"66"	26	1996	13.0892156862745	19.3343137254902	20.4049019607843	16.0921568627451	22.3254901960784	19.5	2877.7867027125
"67"	27	1996	12.9745098039216	19.0598039215686	19.7225490196078	18.2490196078431	22.3627450980392	19.3705882352941	2885.613270559
"68"	28	1996	11.5549019607843	18.0901960784314	19.6117647058824	14.4058823529412	20.8235294117647	18.956862745098	2841.52978555995
"69"	29	1996	11.5549019607843	18.0901960784314	19.6117647058824	14.4058823529412	20.8235294117647	18.956862745098	2841.52978555995
"70"	30	1996	13.9470588235294	19.9441176470588	21.0774509803922	18.3313725490196	23.7588235294118	20.621568627451	3030.13496127064
"71"	31	1996	14.1	20.1205882352941	20.743137254902	18.3490196078431	22.6352941176471	19.4666666666667	2808.5763183819
"72"	32	1996	13.4950980392157	19.9686274509804	21.0823529411765	16.878431372549	23.5509803921569	20.443137254902	2937.12259668044
"73"	33	1996	11.5176470588235	17.9813725490196	19.4127450980392	13.9725490196078	21.3274509803922	19.3235294117647	2937.55614294763
"74"	34	1996	14.1	20.1205882352941	20.743137254902	18.3490196078431	22.6352941176471	19.4666666666667	2808.5763183819
"75"	35	1996	14.521568627451	20.5147058823529	21.1205882352941	18.5764705882353	22.5078431372549	18.9647058823529	2779.21254916468
"76"	36	1996	13.0892156862745	19.3343137254902	20.4049019607843	16.0921568627451	22.3254901960784	19.5	2877.7867027125
"77"	37	1996	13.2156862745098	19.2990196078431	19.8676470588235	18.8392156862745	21.3647058823529	18.7	2743.68097428676
"78"	38	1996	12.5578431372549	18.9970588235294	20.1617647058824	15.7294117647059	21.7686274509804	19.2921568627451	2858.23457176601
"79"	39	1996	11.606862745098	18.1637254901961	19.6049019607843	14.4058823529412	20.8235294117647	18.956862745098	2857.14089634211
"80"	40	1996	13.2156862745098	19.2990196078431	19.8676470588235	18.8392156862745	21.3647058823529	18.7	2743.68097428676
"81"	1	1997	14.6058823529412	18.55	21.7549019607843	20.121568627451	17.578431372549	19.1392156862745	2582.91133640381
"82"	2	1997	14.4294117647059	18.4852941176471	21.7058823529412	20.721568627451	19.5490196078431	18.9411764705882	2710.46331929931
"83"	3	1997	14.5882352941176	18.0872549019608	21.3970588235294	20.0941176470588	17.2098039215686	18.5450980392157	2519.70776151054
"84"	4	1997	13.3274509803922	17.4921568627451	20.9843137254902	19.7960784313725	18.121568627451	17.6196078431373	2631.47510768587
"85"	5	1997	11.4401960784314	15.9637254901961	19.1882352941176	18.8019607843137	16.6333333333333	16.7235294117647	2652.86697456022
"86"	6	1997	13.7911764705882	17.9980392156863	21.3823529411765	19.743137254902	17.9803921568627	18.3823529411765	2597.76092581463
"87"	7	1997	14.1637254901961	18.2656862745098	21.3274509803922	20.3352941176471	18.0549019607843	19.5098039215686	2632.757089963
"88"	8	1997	13.3274509803922	17.4921568627451	20.9843137254902	19.7960784313725	18.121568627451	17.6196078431373	2631.47510768587
"89"	9	1997	12.221568627451	17.0294117647059	20.5754901960784	18.6176470588235	16.8294117647059	17.2235294117647	2523.58303750555
"90"	10	1997	15.0156862745098	18.2539215686275	21.7274509803922	19.0117647058824	16.2549019607843	17.1666666666667	2332.27282784341
"91"	11	1997	14.6058823529412	18.55	21.7549019607843	20.121568627451	17.578431372549	19.1392156862745	2582.91133640381
"92"	12	1997	16.0196078431373	19.4588235294118	22.3686274509804	20.1313725490196	18.543137254902	19.0098039215686	2475.00645487382
"93"	13	1997	15.4225490196078	19.2411764705882	22.0833333333333	21.0372549019608	20.0470588235294	19.5254901960784	2706.45772002493
"94"	14	1997	13.1921568627451	17.2921568627451	20.9127450980392	20.121568627451	17.578431372549	19.1392156862745	2726.69588515168
"95"	15	1997	15.3441176470588	19.0049019607843	21.6264705882353	21.0372549019608	20.0470588235294	19.5254901960784	2750.39734774493
"96"	16	1997	14.4294117647059	18.4852941176471	21.7058823529412	20.721568627451	19.5490196078431	18.9411764705882	2710.46331929931
"97"	17	1997	12.3519607843137	16.6362745098039	19.9852941176471	19.2098039215686	16.7529411764706	16.5941176470588	2560.78221139381
"98"	18	1997	16.0196078431373	19.4588235294118	22.3686274509804	20.1313725490196	18.543137254902	19.0098039215686	2475.00645487382
"99"	19	1997	12.7794117647059	17.4245098039216	20.9617647058824	19.6470588235294	18.2058823529412	18.043137254902	2636.2414258389
"100"	20	1997	12.3519607843137	16.6362745098039	19.9852941176471	19.2098039215686	16.7529411764706	16.5941176470588	2560.78221139381
"101"	21	1997	12.7794117647059	17.4245098039216	20.9617647058824	19.6470588235294	18.2058823529412	18.043137254902	2636.2414258389
"102"	22	1997	15.4225490196078	19.2411764705882	22.0833333333333	21.0372549019608	20.0470588235294	19.5254901960784	2706.45772002493
"103"	23	1997	13.7911764705882	17.9980392156863	21.3823529411765	19.743137254902	17.9803921568627	18.3823529411765	2597.76092581463
"104"	24	1997	15.4225490196078	19.2411764705882	22.0833333333333	21.0372549019608	20.0470588235294	19.5254901960784	2706.45772002493
"105"	25	1997	13.1078431372549	17.4852941176471	20.9882352941176	19.6470588235294	18.2058823529412	18.043137254902	2649.63925485693
"106"	26	1997	13.7911764705882	17.9980392156863	21.3823529411765	19.743137254902	17.9803921568627	18.3823529411765	2597.76092581463
"107"	27	1997	14.1941176470588	18.2049019607843	21.5117647058824	20.5705882352941	17.943137254902	19.478431372549	2645.55684648329
"108"	28	1997	12.2754901960784	16.8147058823529	20.2921568627451	18.6176470588235	16.8294117647059	17.2235294117647	2561.17007291193
"109"	29	1997	12.2754901960784	16.8147058823529	20.2921568627451	18.6176470588235	16.8294117647059	17.2235294117647	2561.17007291193
"110"	30	1997	15.3441176470588	19.0049019607843	21.6264705882353	21.0372549019608	20.0470588235294	19.5254901960784	2750.39734774493
"111"	31	1997	15.5235294117647	19.1098039215686	22.2245098039216	20.3196078431373	18.2941176470588	19.2019607843137	2530.6738041058
"112"	32	1997	14.4294117647059	18.4852941176471	21.7058823529412	20.721568627451	19.5490196078431	18.9411764705882	2710.46331929931
"113"	33	1997	12.3519607843137	16.6362745098039	19.9852941176471	19.2098039215686	16.7529411764706	16.5941176470588	2560.78221139381
"114"	34	1997	15.5235294117647	19.1098039215686	22.2245098039216	20.3196078431373	18.2941176470588	19.2019607843137	2530.6738041058
"115"	35	1997	16.0196078431373	19.4588235294118	22.3686274509804	20.1313725490196	18.543137254902	19.0098039215686	2475.00645487382
"116"	36	1997	13.7911764705882	17.9980392156863	21.3823529411765	19.743137254902	17.9803921568627	18.3823529411765	2597.76092581463
"117"	37	1997	14.5882352941176	18.0872549019608	21.3970588235294	20.0941176470588	17.2098039215686	18.5450980392157	2519.70776151054
"118"	38	1997	13.1078431372549	17.4852941176471	20.9882352941176	19.6470588235294	18.2058823529412	18.043137254902	2649.63925485693
"119"	39	1997	12.221568627451	17.0294117647059	20.5754901960784	18.6176470588235	16.8294117647059	17.2235294117647	2523.58303750555
"120"	40	1997	14.5882352941176	18.0872549019608	21.3970588235294	20.0941176470588	17.2098039215686	18.5450980392157	2519.70776151054
"121"	1	1998	13.5333333333333	18.7235294117647	21.4764705882353	18.4627450980392	20.2803921568627	19.8941176470588	2867.83429038232
"122"	2	1998	13.6519607843137	18.3245098039216	21.4745098039216	18.1411764705882	20.6764705882353	20.2803921568627	2949.05426218824
"123"	3	1998	12.5901960784314	19.1519607843137	21.2941176470588	18.0666666666667	18.9666666666667	19.3254901960784	2608.16889536481
"124"	4	1998	12.928431372549	17.6754901960784	20.2666666666667	17.0686274509804	18.3117647058824	19.2058823529412	2748.33034657603
"125"	5	1998	11.8137254901961	15.9892156862745	18.1941176470588	16.4196078431373	16.5078431372549	17.4098039215686	2893.68601944099
"126"	6	1998	13.1186274509804	18.1725490196078	21.0303921568627	17.2509803921569	19.9588235294118	19.2372549019608	2871.17296657101
"127"	7	1998	12.6774509803922	19.421568627451	21.5882352941176	18.3235294117647	20.2294117647059	19.6882352941176	2683.81141292597
"128"	8	1998	12.928431372549	17.6754901960784	20.2666666666667	17.0686274509804	18.3117647058824	19.2058823529412	2748.33034657603
"129"	9	1998	12.3264705882353	17.2990196078431	19.6274509803922	16.8686274509804	17.3666666666667	18.0921568627451	2727.28749721998
"130"	10	1998	12.871568627451	19.1294117647059	21.4127450980392	16.6921568627451	18.2941176470588	18.0196078431373	2515.21277154497
"131"	11	1998	13.5333333333333	18.7235294117647	21.4764705882353	18.4627450980392	20.2803921568627	19.8941176470588	2867.83429038232
"132"	12	1998	14.3627450980392	19.4176470588235	22.1362745098039	18.1588235294118	20.5529411764706	20.0078431372549	2739.8623520925
"133"	13	1998	14.2333333333333	18.8803921568627	21.978431372549	19.0921568627451	21.5176470588235	20.4294117647059	2940.3167830101
"134"	14	1998	12.2450980392157	17.7833333333333	20.1833333333333	18.4627450980392	20.2803921568627	19.8941176470588	2993.17047966689
"135"	15	1998	14.1911764705882	18.1852941176471	21.5029411764706	19.0921568627451	21.5176470588235	20.4294117647059	3086.22659576718
"136"	16	1998	13.6519607843137	18.3245098039216	21.4745098039216	18.1411764705882	20.6764705882353	20.2803921568627	2949.05426218824
"137"	17	1998	12.371568627451	16.9264705882353	18.9411764705882	16.2588235294118	16.4941176470588	18.0078431372549	2747.64760312001
"138"	18	1998	14.3627450980392	19.4176470588235	22.1362745098039	18.1588235294118	20.5529411764706	20.0078431372549	2739.8623520925
"139"	19	1998	12.506862745098	17.7392156862745	20.2480392156863	17.2078431372549	19.1941176470588	19.2627450980392	2851.76049062918
"140"	20	1998	12.371568627451	16.9264705882353	18.9411764705882	16.2588235294118	16.4941176470588	18.0078431372549	2747.64760312001
"141"	21	1998	12.506862745098	17.7392156862745	20.2480392156863	17.2078431372549	19.1941176470588	19.2627450980392	2851.76049062918
"142"	22	1998	14.2333333333333	18.8803921568627	21.978431372549	19.0921568627451	21.5176470588235	20.4294117647059	2940.3167830101
"143"	23	1998	13.1186274509804	18.1725490196078	21.0303921568627	17.2509803921569	19.9588235294118	19.2372549019608	2871.17296657101
"144"	24	1998	14.2333333333333	18.8803921568627	21.978431372549	19.0921568627451	21.5176470588235	20.4294117647059	2940.3167830101
"145"	25	1998	12.6950980392157	17.7127450980392	20.3598039215686	17.2078431372549	19.1941176470588	19.2627450980392	2829.58588554798
"146"	26	1998	13.1186274509804	18.1725490196078	21.0303921568627	17.2509803921569	19.9588235294118	19.2372549019608	2871.17296657101
"147"	27	1998	12.8235294117647	18.8578431372549	21.0088235294118	18.9411764705882	21.1254901960784	20.3392156862745	2904.7119860161
"148"	28	1998	12.2833333333333	17.0901960784314	19.3549019607843	16.8686274509804	17.3666666666667	18.0921568627451	2776.59366032384
"149"	29	1998	12.2833333333333	17.0901960784314	19.3549019607843	16.8686274509804	17.3666666666667	18.0921568627451	2776.59366032384
"150"	30	1998	14.1911764705882	18.1852941176471	21.5029411764706	19.0921568627451	21.5176470588235	20.4294117647059	3086.22659576718
"151"	31	1998	13.8803921568627	19.5156862745098	21.8774509803922	19.0078431372549	20.643137254902	20.1921568627451	2758.2611618556
"152"	32	1998	13.6519607843137	18.3245098039216	21.4745098039216	18.1411764705882	20.6764705882353	20.2803921568627	2949.05426218824
"153"	33	1998	12.371568627451	16.9264705882353	18.9411764705882	16.2588235294118	16.4941176470588	18.0078431372549	2747.64760312001
"154"	34	1998	13.8803921568627	19.5156862745098	21.8774509803922	19.0078431372549	20.643137254902	20.1921568627451	2758.2611618556
"155"	35	1998	14.3627450980392	19.4176470588235	22.1362745098039	18.1588235294118	20.5529411764706	20.0078431372549	2739.8623520925
"156"	36	1998	13.1186274509804	18.1725490196078	21.0303921568627	17.2509803921569	19.9588235294118	19.2372549019608	2871.17296657101
"157"	37	1998	12.5901960784314	19.1519607843137	21.2941176470588	18.0666666666667	18.9666666666667	19.3254901960784	2608.16889536481
"158"	38	1998	12.6950980392157	17.7127450980392	20.3598039215686	17.2078431372549	19.1941176470588	19.2627450980392	2829.58588554798
"159"	39	1998	12.3264705882353	17.2990196078431	19.6274509803922	16.8686274509804	17.3666666666667	18.0921568627451	2727.28749721998
"160"	40	1998	12.5901960784314	19.1519607843137	21.2941176470588	18.0666666666667	18.9666666666667	19.3254901960784	2608.16889536481
"161"	1	1999	14.0960784313725	19.5156862745098	21.3460784313726	15.8411764705882	20.8529411764706	18.8647058823529	2735.57503418777
"162"	2	1999	13.6705882352941	19.6009803921569	21.6686274509804	16.8392156862745	22.0078431372549	19.7450980392157	2818.93178748576
"163"	3	1999	14.121568627451	19.4323529411765	20.9588235294118	16.8078431372549	20.4862745098039	17.9607843137255	2691.4894345303
"164"	4	1999	12.9813725490196	18.8539215686275	20.8578431372549	15.9156862745098	20.6941176470588	18.4137254901961	2740.30360200908
"165"	5	1999	12.0745098039216	16.7205882352941	19.3470588235294	15.8745098039216	19.3254901960784	17.4725490196078	2894.81853727326
"166"	6	1999	13.3676470588235	19.0705882352941	21.1294117647059	15.5372549019608	20.6764705882353	18.9470588235294	2735.60736303259
"167"	7	1999	14.0392156862745	19.5970588235294	20.9803921568627	17.2725490196078	20.643137254902	18.6686274509804	2697.97087531069
"168"	8	1999	12.9813725490196	18.8539215686275	20.8578431372549	15.9156862745098	20.6941176470588	18.4137254901961	2740.30360200908
"169"	9	1999	12.6019607843137	18.1823529411765	20.606862745098	16.0921568627451	19.3235294117647	18.0450980392157	2677.59737966899
"170"	10	1999	14.378431372549	19.5970588235294	21.2725490196078	15.8901960784314	19.6803921568627	17.2549019607843	2543.99679592358
"171"	11	1999	14.0960784313725	19.5156862745098	21.3460784313726	15.8411764705882	20.8529411764706	18.8647058823529	2735.57503418777
"172"	12	1999	15.5058823529412	20.3019607843137	22.128431372549	17.0019607843137	21.5647058823529	19.1529411764706	2707.61915288756
"173"	13	1999	14.6764705882353	20.1196078431373	22.0147058823529	17.7882352941176	22.3549019607843	20.1901960784314	2817.53776470738
"174"	14	1999	12.8950980392157	18.2372549019608	20.1411764705882	15.8411764705882	20.8529411764706	18.8647058823529	2916.32333830754
"175"	15	1999	14.4813725490196	19.6892156862745	21.8686274509804	17.7882352941176	22.3549019607843	20.1901960784314	2885.82134223727
"176"	16	1999	13.6705882352941	19.6009803921569	21.6686274509804	16.8392156862745	22.0078431372549	19.7450980392157	2818.93178748576
"177"	17	1999	12.5941176470588	17.9990196078431	20.0529411764706	15.9235294117647	19.6196078431373	17.5039215686275	2728.96280422328
"178"	18	1999	15.5058823529412	20.3019607843137	22.128431372549	17.0019607843137	21.5647058823529	19.1529411764706	2707.61915288756
"179"	19	1999	12.8196078431373	18.5156862745098	20.7421568627451	16.3588235294118	20.756862745098	19.021568627451	2795.48063289192
"180"	20	1999	12.5941176470588	17.9990196078431	20.0529411764706	15.9235294117647	19.6196078431373	17.5039215686275	2728.96280422328
"181"	21	1999	12.8196078431373	18.5156862745098	20.7421568627451	16.3588235294118	20.756862745098	19.021568627451	2795.48063289192
"182"	22	1999	14.6764705882353	20.1196078431373	22.0147058823529	17.7882352941176	22.3549019607843	20.1901960784314	2817.53776470738
"183"	23	1999	13.3676470588235	19.0705882352941	21.1294117647059	15.5372549019608	20.6764705882353	18.9470588235294	2735.60736303259
"184"	24	1999	14.6764705882353	20.1196078431373	22.0147058823529	17.7882352941176	22.3549019607843	20.1901960784314	2817.53776470738
"185"	25	1999	12.9323529411765	18.6921568627451	20.85	16.3588235294118	20.756862745098	19.021568627451	2789.60482146736
"186"	26	1999	13.3676470588235	19.0705882352941	21.1294117647059	15.5372549019608	20.6764705882353	18.9470588235294	2735.60736303259
"187"	27	1999	13.8823529411765	19.1794117647059	20.8490196078431	16.721568627451	22.1666666666667	19.6882352941176	2923.89423255093
"188"	28	1999	12.5607843137255	18.1088235294118	20.3872549019608	16.0921568627451	19.3235294117647	18.0450980392157	2692.98068161596
"189"	29	1999	12.5607843137255	18.1088235294118	20.3872549019608	16.0921568627451	19.3235294117647	18.0450980392157	2692.98068161596
"190"	30	1999	14.4813725490196	19.6892156862745	21.8686274509804	17.7882352941176	22.3549019607843	20.1901960784314	2885.82134223727
"191"	31	1999	15.0774509803922	20.0460784313725	21.7843137254902	17.1725490196078	22.056862745098	19.5686274509804	2810.7628704385
"192"	32	1999	13.6705882352941	19.6009803921569	21.6686274509804	16.8392156862745	22.0078431372549	19.7450980392157	2818.93178748576
"193"	33	1999	12.5941176470588	17.9990196078431	20.0529411764706	15.9235294117647	19.6196078431373	17.5039215686275	2728.96280422328
"194"	34	1999	15.0774509803922	20.0460784313725	21.7843137254902	17.1725490196078	22.056862745098	19.5686274509804	2810.7628704385
"195"	35	1999	15.5058823529412	20.3019607843137	22.128431372549	17.0019607843137	21.5647058823529	19.1529411764706	2707.61915288756
"196"	36	1999	13.3676470588235	19.0705882352941	21.1294117647059	15.5372549019608	20.6764705882353	18.9470588235294	2735.60736303259
"197"	37	1999	14.121568627451	19.4323529411765	20.9588235294118	16.8078431372549	20.4862745098039	17.9607843137255	2691.4894345303
"198"	38	1999	12.9323529411765	18.6921568627451	20.85	16.3588235294118	20.756862745098	19.021568627451	2789.60482146736
"199"	39	1999	12.6019607843137	18.1823529411765	20.606862745098	16.0921568627451	19.3235294117647	18.0450980392157	2677.59737966899
"200"	40	1999	14.121568627451	19.4323529411765	20.9588235294118	16.8078431372549	20.4862745098039	17.9607843137255	2691.4894345303
"201"	1	2000	14.471568627451	19.5882352941176	21.0735294117647	16.4333333333333	20.2392156862745	18.9862745098039	2744.0320364016
"202"	2	2000	13.8333333333333	19.3382352941176	21.3176470588235	16.6588235294118	19.5450980392157	19.4294117647059	2722.19658227091
"203"	3	2000	14.4852941176471	19.356862745098	20.9676470588235	16.9647058823529	19.8666666666667	19.6274509803922	2754.38141316345
"204"	4	2000	13.0235294117647	18.4303921568627	20.5735294117647	14.6117647058824	18.721568627451	17.821568627451	2706.15710886012
"205"	5	2000	11.9696078431373	15.8676470588235	18.5441176470588	14.278431372549	17.5411764705882	16.7843137254902	2830.87573623493
"206"	6	2000	13.8598039215686	19.0745098039216	20.8598039215686	16.2176470588235	19.7607843137255	18.2921568627451	2744.27654582441
"207"	7	2000	14.3333333333333	19.3558823529412	21.0166666666667	18.2294117647059	20.543137254902	19.4529411764706	2801.28408344837
"208"	8	2000	13.0235294117647	18.4303921568627	20.5735294117647	14.6117647058824	18.721568627451	17.821568627451	2706.15710886012
"209"	9	2000	12.8754901960784	17.4941176470588	20.0833333333333	14.6470588235294	18.4686274509804	17.2921568627451	2769.36678712125
"210"	10	2000	14.7774509803922	19.5117647058824	21.2127450980392	15.9882352941176	19.1960784313725	18.7666666666667	2589.97617907308
"211"	11	2000	14.471568627451	19.5882352941176	21.0735294117647	16.4333333333333	20.2392156862745	18.9862745098039	2744.0320364016
"212"	12	2000	15.3941176470588	20.2813725490196	21.7637254901961	16.6764705882353	20.1117647058824	20.0627450980392	2621.31100216407
"213"	13	2000	14.706862745098	19.9578431372549	21.5676470588235	17.3529411764706	20.3941176470588	20.2490196078431	2767.47617221089
"214"	14	2000	13.5254901960784	18.4941176470588	19.9147058823529	16.4333333333333	20.2392156862745	18.9862745098039	2931.85290234736
"215"	15	2000	14.2598039215686	19.406862745098	21.1813725490196	17.3529411764706	20.3941176470588	20.2490196078431	2853.56015937133
"216"	16	2000	13.8333333333333	19.3382352941176	21.3176470588235	16.6588235294118	19.5450980392157	19.4294117647059	2722.19658227091
"217"	17	2000	12.4137254901961	17.171568627451	19.5627450980392	13.6627450980392	18.4666666666667	16.8588235294118	2736.4624569433
"218"	18	2000	15.3941176470588	20.2813725490196	21.7637254901961	16.6764705882353	20.1117647058824	20.0627450980392	2621.31100216407
"219"	19	2000	13.4519607843137	18.2843137254902	20.4352941176471	15.7705882352941	19.0764705882353	18.1	2832.99197289654
"220"	20	2000	12.4137254901961	17.171568627451	19.5627450980392	13.6627450980392	18.4666666666667	16.8588235294118	2736.4624569433
"221"	21	2000	13.4519607843137	18.2843137254902	20.4352941176471	15.7705882352941	19.0764705882353	18.1	2832.99197289654
"222"	22	2000	14.706862745098	19.9578431372549	21.5676470588235	17.3529411764706	20.3941176470588	20.2490196078431	2767.47617221089
"223"	23	2000	13.8598039215686	19.0745098039216	20.8598039215686	16.2176470588235	19.7607843137255	18.2921568627451	2744.27654582441
"224"	24	2000	14.706862745098	19.9578431372549	21.5676470588235	17.3529411764706	20.3941176470588	20.2490196078431	2767.47617221089
"225"	25	2000	13.2313725490196	18.4323529411765	20.5872549019608	15.7705882352941	19.0764705882353	18.1	2756.7539930235
"226"	26	2000	13.8598039215686	19.0745098039216	20.8598039215686	16.2176470588235	19.7607843137255	18.2921568627451	2744.27654582441
"227"	27	2000	14.2362745098039	19.3294117647059	20.7490196078431	17.5941176470588	21.1019607843137	20.0549019607843	2891.66138479455
"228"	28	2000	12.5882352941176	17.3411764705882	19.8970588235294	14.6470588235294	18.4686274509804	17.2921568627451	2790.3113793206
"229"	29	2000	12.5882352941176	17.3411764705882	19.8970588235294	14.6470588235294	18.4686274509804	17.2921568627451	2790.3113793206
"230"	30	2000	14.2598039215686	19.406862745098	21.1813725490196	17.3529411764706	20.3941176470588	20.2490196078431	2853.56015937133
"231"	31	2000	15.1705882352941	20.1803921568627	21.5450980392157	16.9039215686274	20.4941176470588	19.7411764705882	2665.16006880578
"232"	32	2000	13.8333333333333	19.3382352941176	21.3176470588235	16.6588235294118	19.5450980392157	19.4294117647059	2722.19658227091
"233"	33	2000	12.4137254901961	17.171568627451	19.5627450980392	13.6627450980392	18.4666666666667	16.8588235294118	2736.4624569433
"234"	34	2000	15.1705882352941	20.1803921568627	21.5450980392157	16.9039215686274	20.4941176470588	19.7411764705882	2665.16006880578
"235"	35	2000	15.3941176470588	20.2813725490196	21.7637254901961	16.6764705882353	20.1117647058824	20.0627450980392	2621.31100216407
"236"	36	2000	13.8598039215686	19.0745098039216	20.8598039215686	16.2176470588235	19.7607843137255	18.2921568627451	2744.27654582441
"237"	37	2000	14.4852941176471	19.356862745098	20.9676470588235	16.9647058823529	19.8666666666667	19.6274509803922	2754.38141316345
"238"	38	2000	13.2313725490196	18.4323529411765	20.5872549019608	15.7705882352941	19.0764705882353	18.1	2756.7539930235
"239"	39	2000	12.8754901960784	17.4941176470588	20.0833333333333	14.6470588235294	18.4686274509804	17.2921568627451	2769.36678712125
"240"	40	2000	14.4852941176471	19.356862745098	20.9676470588235	16.9647058823529	19.8666666666667	19.6274509803922	2754.38141316345
"241"	1	2001	13.0078431372549	18.9676470588235	21.5656862745098	16.5470588235294	20.5098039215686	19.9843137254902	2702.48955604801
"242"	2	2001	12.8666666666667	19.0166666666667	21.756862745098	17.7509803921569	21.9529411764706	19.2901960784314	2701.71676293666
"243"	3	2001	12.4950980392157	19.106862745098	21.2754901960784	17.5941176470588	21.1274509803922	19.9176470588235	2657.29570312622
"244"	4	2001	12.2764705882353	18.3539215686275	20.7098039215686	16.9764705882353	20.621568627451	18.4078431372549	2762.37120986826
"245"	5	2001	10.9352941176471	16.1039215686275	19.0460784313725	16.3980392156863	19.3294117647059	17.4509803921569	2820.89506502078
"246"	6	2001	12.6333333333333	18.6029411764706	21.3794117647059	16.4235294117647	20.5666666666667	19.6039215686275	2750.48805702228
"247"	7	2001	12.7960784313725	19.3705882352941	21.3647058823529	17.8901960784314	21.4980392156863	20.2019607843137	2729.16609934216
"248"	8	2001	12.2764705882353	18.3539215686275	20.7098039215686	16.9764705882353	20.621568627451	18.4078431372549	2762.37120986826
"249"	9	2001	11.9147058823529	17.6254901960784	20.4401960784314	16.0901960784314	18.7313725490196	17.8745098039216	2674.24110704205
"250"	10	2001	12.678431372549	19.1343137254902	21.4627450980392	16.7843137254902	19.8490196078431	18.3470588235294	2484.28060045329
"251"	11	2001	13.0078431372549	18.9676470588235	21.5656862745098	16.5470588235294	20.5098039215686	19.9843137254902	2702.48955604801
"252"	12	2001	13.7970588235294	19.6656862745098	22.0803921568627	17.9392156862745	21.2764705882353	19.9	2659.05987495614
"253"	13	2001	13.5088235294118	19.4519607843137	22.0813725490196	18.5647058823529	22.4980392156863	19.8705882352941	2762.40296119518
"254"	14	2001	11.8872549019608	17.8676470588235	20.2598039215686	16.5470588235294	20.5098039215686	19.9843137254902	2899.557584702
"255"	15	2001	13.2401960784314	19.0264705882353	21.5245098039216	18.5647058823529	22.4980392156863	19.8705882352941	2844.51291320894
"256"	16	2001	12.8666666666667	19.0166666666667	21.756862745098	17.7509803921569	21.9529411764706	19.2901960784314	2701.71676293666
"257"	17	2001	11.5774509803922	17.2901960784314	19.7107843137255	16.5156862745098	19.7470588235294	17.3196078431373	2758.97113636396
"258"	18	2001	13.7970588235294	19.6656862745098	22.0803921568627	17.9392156862745	21.2764705882353	19.9	2659.05987495614
"259"	19	2001	12.293137254902	18.006862745098	20.8705882352941	16.5176470588235	20.1352941176471	19.2529411764706	2828.81592610981
"260"	20	2001	11.5774509803922	17.2901960784314	19.7107843137255	16.5156862745098	19.7470588235294	17.3196078431373	2758.97113636396
"261"	21	2001	12.293137254902	18.006862745098	20.8705882352941	16.5176470588235	20.1352941176471	19.2529411764706	2828.81592610981
"262"	22	2001	13.5088235294118	19.4519607843137	22.0813725490196	18.5647058823529	22.4980392156863	19.8705882352941	2762.40296119518
"263"	23	2001	12.6333333333333	18.6029411764706	21.3794117647059	16.4235294117647	20.5666666666667	19.6039215686275	2750.48805702228
"264"	24	2001	13.5088235294118	19.4519607843137	22.0813725490196	18.5647058823529	22.4980392156863	19.8705882352941	2762.40296119518
"265"	25	2001	12.3264705882353	18.2313725490196	20.8588235294118	16.5176470588235	20.1352941176471	19.2529411764706	2789.04148651253
"266"	26	2001	12.6333333333333	18.6029411764706	21.3794117647059	16.4235294117647	20.5666666666667	19.6039215686275	2750.48805702228
"267"	27	2001	12.5323529411765	18.9058823529412	20.9676470588235	17.1921568627451	21.9176470588235	20.8117647058824	2901.14201966081
"268"	28	2001	11.6901960784314	17.4245098039216	20.1529411764706	16.0901960784314	18.7313725490196	17.8745098039216	2691.67263374984
"269"	29	2001	11.6901960784314	17.4245098039216	20.1529411764706	16.0901960784314	18.7313725490196	17.8745098039216	2691.67263374984
"270"	30	2001	13.2401960784314	19.0264705882353	21.5245098039216	18.5647058823529	22.4980392156863	19.8705882352941	2844.51291320894
"271"	31	2001	13.3833333333333	19.4941176470588	21.8313725490196	17.7647058823529	21.6607843137255	20.478431372549	2739.04950682827
"272"	32	2001	12.8666666666667	19.0166666666667	21.756862745098	17.7509803921569	21.9529411764706	19.2901960784314	2701.71676293666
"273"	33	2001	11.5774509803922	17.2901960784314	19.7107843137255	16.5156862745098	19.7470588235294	17.3196078431373	2758.97113636396
"274"	34	2001	13.3833333333333	19.4941176470588	21.8313725490196	17.7647058823529	21.6607843137255	20.478431372549	2739.04950682827
"275"	35	2001	13.7970588235294	19.6656862745098	22.0803921568627	17.9392156862745	21.2764705882353	19.9	2659.05987495614
"276"	36	2001	12.6333333333333	18.6029411764706	21.3794117647059	16.4235294117647	20.5666666666667	19.6039215686275	2750.48805702228
"277"	37	2001	12.4950980392157	19.106862745098	21.2754901960784	17.5941176470588	21.1274509803922	19.9176470588235	2657.29570312622
"278"	38	2001	12.3264705882353	18.2313725490196	20.8588235294118	16.5176470588235	20.1352941176471	19.2529411764706	2789.04148651253
"279"	39	2001	11.9147058823529	17.6254901960784	20.4401960784314	16.0901960784314	18.7313725490196	17.8745098039216	2674.24110704205
"280"	40	2001	12.4950980392157	19.106862745098	21.2754901960784	17.5941176470588	21.1274509803922	19.9176470588235	2657.29570312622
"281"	1	2002	13.6558823529412	19.8980392156863	19.9205882352941	16.5764705882353	19.7352941176471	16.8254901960784	2517.00214634346
"282"	2	2002	13.6813725490196	19.4372549019608	20.0990196078431	18.1117647058824	20.7117647058824	18.0823529411765	2756.46998855666
"283"	3	2002	12.7598039215686	20.0362745098039	19.828431372549	17.1843137254902	18.3490196078431	15.2117647058824	2282.06871288306
"284"	4	2002	13.1323529411765	18.6539215686274	19.2823529411765	16.443137254902	19.6745098039216	16.7411764705882	2710.340319909
"285"	5	2002	11.9205882352941	16.3019607843137	18.1303921568627	14.9941176470588	17.5764705882353	14.7372549019608	2669.94872422894
"286"	6	2002	13.3009803921569	19.3127450980392	19.5088235294118	16.2	19.6862745098039	16.5372549019608	2609.25695394928
"287"	7	2002	12.8990196078431	20.2480392156863	19.9843137254902	17.3509803921569	19.0470588235294	16.6196078431373	2374.78979414756
"288"	8	2002	13.1323529411765	18.6539215686274	19.2823529411765	16.443137254902	19.6745098039216	16.7411764705882	2710.340319909
"289"	9	2002	12.7343137254902	18.1127450980392	18.9725490196078	15.3588235294118	18.6196078431373	15.0176470588235	2620.4413595834
"290"	10	2002	12.9617647058824	19.9813725490196	19.9088235294118	16.6470588235294	17.6607843137255	13.9764705882353	2171.13342792045
"291"	11	2002	13.6558823529412	19.8980392156863	19.9205882352941	16.5764705882353	19.7352941176471	16.8254901960784	2517.00214634346
"292"	12	2002	14.1911764705882	20.5911764705882	20.7029411764706	17.8450980392157	19.4098039215686	16.4529411764706	2404.07286965115
"293"	13	2002	14.1754901960784	20.0843137254902	20.528431372549	18.9862745098039	20.2627450980392	17.8137254901961	2552.29020629865
"294"	14	2002	12.5294117647059	18.8372549019608	18.6823529411765	16.5764705882353	19.7352941176471	16.8254901960784	2694.80436170699
"295"	15	2002	13.9696078431373	19.0813725490196	20.1980392156863	18.9862745098039	20.2627450980392	17.8137254901961	2738.43280735128
"296"	16	2002	13.6813725490196	19.4372549019608	20.0990196078431	18.1117647058824	20.7117647058824	18.0823529411765	2756.46998855666
"297"	17	2002	12.5450980392157	17.5872549019608	18.4637254901961	15.8941176470588	18.6078431372549	15.5647058823529	2689.43416777392
"298"	18	2002	14.1911764705882	20.5911764705882	20.7029411764706	17.8450980392157	19.4098039215686	16.4529411764706	2404.07286965115
"299"	19	2002	12.9578431372549	18.8098039215686	19.0117647058824	16.1921568627451	19.8196078431373	16.3294117647059	2694.59289193738
"300"	20	2002	12.5450980392157	17.5872549019608	18.4637254901961	15.8941176470588	18.6078431372549	15.5647058823529	2689.43416777392
"301"	21	2002	12.9578431372549	18.8098039215686	19.0117647058824	16.1921568627451	19.8196078431373	16.3294117647059	2694.59289193738
"302"	22	2002	14.1754901960784	20.0843137254902	20.528431372549	18.9862745098039	20.2627450980392	17.8137254901961	2552.29020629865
"303"	23	2002	13.3009803921569	19.3127450980392	19.5088235294118	16.2	19.6862745098039	16.5372549019608	2609.25695394928
"304"	24	2002	14.1754901960784	20.0843137254902	20.528431372549	18.9862745098039	20.2627450980392	17.8137254901961	2552.29020629865
"305"	25	2002	13.0764705882353	18.8205882352941	19.15	16.1921568627451	19.8196078431373	16.3294117647059	2714.74596123442
"306"	26	2002	13.3009803921569	19.3127450980392	19.5088235294118	16.2	19.6862745098039	16.5372549019608	2609.25695394928
"307"	27	2002	13.078431372549	19.928431372549	19.6833333333333	17.3941176470588	20.1843137254902	17.478431372549	2579.14098570551
"308"	28	2002	12.6313725490196	17.8941176470588	18.706862745098	15.3588235294118	18.6196078431373	15.0176470588235	2622.7840709637
"309"	29	2002	12.6313725490196	17.8941176470588	18.706862745098	15.3588235294118	18.6196078431373	15.0176470588235	2622.7840709637
"310"	30	2002	13.9696078431373	19.0813725490196	20.1980392156863	18.9862745098039	20.2627450980392	17.8137254901961	2738.43280735128
"311"	31	2002	13.9254901960784	20.6519607843137	20.4901960784314	17.6411764705882	19.4372549019608	17.0392156862745	2384.29179946491
"312"	32	2002	13.6813725490196	19.4372549019608	20.0990196078431	18.1117647058824	20.7117647058824	18.0823529411765	2756.46998855666
"313"	33	2002	12.5450980392157	17.5872549019608	18.4637254901961	15.8941176470588	18.6078431372549	15.5647058823529	2689.43416777392
"314"	34	2002	13.9254901960784	20.6519607843137	20.4901960784314	17.6411764705882	19.4372549019608	17.0392156862745	2384.29179946491
"315"	35	2002	14.1911764705882	20.5911764705882	20.7029411764706	17.8450980392157	19.4098039215686	16.4529411764706	2404.07286965115
"316"	36	2002	13.3009803921569	19.3127450980392	19.5088235294118	16.2	19.6862745098039	16.5372549019608	2609.25695394928
"317"	37	2002	12.7598039215686	20.0362745098039	19.828431372549	17.1843137254902	18.3490196078431	15.2117647058824	2282.06871288306
"318"	38	2002	13.0764705882353	18.8205882352941	19.15	16.1921568627451	19.8196078431373	16.3294117647059	2714.74596123442
"319"	39	2002	12.7343137254902	18.1127450980392	18.9725490196078	15.3588235294118	18.6196078431373	15.0176470588235	2620.4413595834
"320"	40	2002	12.7598039215686	20.0362745098039	19.828431372549	17.1843137254902	18.3490196078431	15.2117647058824	2282.06871288306
"321"	1	2003	15.8117647058824	23.0274509803922	23.2833333333333	17.2862745098039	22.9352941176471	20.5686274509804	2478.30277369772
"322"	2	2003	15.3852941176471	22.7254901960784	23.6735294117647	18.0235294117647	22.6901960784314	19.7862745098039	2602.05964430939
"323"	3	2003	15.256862745098	23.0970588235294	22.9529411764706	17.3764705882353	21.9725490196078	19.8960784313725	2434.00797336803
"324"	4	2003	14.4666666666667	21.8039215686275	22.9421568627451	17.1	21.4411764705882	19.0921568627451	2511.61450948444
"325"	5	2003	12.7843137254902	18.828431372549	20.7656862745098	16.3843137254902	20.7372549019608	17.5098039215686	2815.1183268942
"326"	6	2003	15.0960784313725	22.5205882352941	23.3294117647059	16.7411764705882	22.4078431372549	19.9078431372549	2521.9947391536
"327"	7	2003	15.5	23.2852941176471	23.2401960784314	18.0823529411765	22.4764705882353	20.3411764705882	2446.24451583007
"328"	8	2003	14.4666666666667	21.8039215686275	22.9421568627451	17.1	21.4411764705882	19.0921568627451	2511.61450948444
"329"	9	2003	14.0225490196078	21.3019607843137	22.8558823529412	16.6627450980392	21.1098039215686	18.4372549019608	2504.93615591831
"330"	10	2003	15.2313725490196	23.0892156862745	22.9245098039216	17.2588235294118	20.156862745098	18.9823529411765	2265.66748382777
"331"	11	2003	15.8117647058824	23.0274509803922	23.2833333333333	17.2862745098039	22.9352941176471	20.5686274509804	2478.30277369772
"332"	12	2003	16.6137254901961	23.5794117647059	23.3549019607843	18.0588235294118	21.9921568627451	19.8117647058824	2419.1675171883
"333"	13	2003	16.2980392156863	23.2882352941176	23.6019607843137	18.5647058823529	22.5686274509804	19.8588235294118	2501.56556725807
"334"	14	2003	14.578431372549	22.0519607843137	22.2852941176471	17.2862745098039	22.9352941176471	20.5686274509804	2662.20204066363
"335"	15	2003	15.7941176470588	22.2627450980392	22.9539215686275	18.5647058823529	22.5686274509804	19.8588235294118	2660.35123605037
"336"	16	2003	15.3852941176471	22.7254901960784	23.6735294117647	18.0235294117647	22.6901960784314	19.7862745098039	2602.05964430939
"337"	17	2003	13.7323529411765	20.528431372549	21.8901960784314	16.5235294117647	20.5294117647059	17.7529411764706	2563.33236298739
"338"	18	2003	16.6137254901961	23.5794117647059	23.3549019607843	18.0588235294118	21.9921568627451	19.8117647058824	2419.1675171883
"339"	19	2003	14.4509803921569	21.8941176470588	23.0882352941176	17	21.7725490196078	19.1549019607843	2543.61688566191
"340"	20	2003	13.7323529411765	20.528431372549	21.8901960784314	16.5235294117647	20.5294117647059	17.7529411764706	2563.33236298739
"341"	21	2003	14.4509803921569	21.8941176470588	23.0882352941176	17	21.7725490196078	19.1549019607843	2543.61688566191
"342"	22	2003	16.2980392156863	23.2882352941176	23.6019607843137	18.5647058823529	22.5686274509804	19.8588235294118	2501.56556725807
"343"	23	2003	15.0960784313725	22.5205882352941	23.3294117647059	16.7411764705882	22.4078431372549	19.9078431372549	2521.9947391536
"344"	24	2003	16.2980392156863	23.2882352941176	23.6019607843137	18.5647058823529	22.5686274509804	19.8588235294118	2501.56556725807
"345"	25	2003	14.4676470588235	21.9460784313725	23.1441176470588	17	21.7725490196078	19.1549019607843	2545.67448390881
"346"	26	2003	15.0960784313725	22.5205882352941	23.3294117647059	16.7411764705882	22.4078431372549	19.9078431372549	2521.9947391536
"347"	27	2003	15.5441176470588	23.1147058823529	23.0049019607843	18.5882352941176	23.9470588235294	21.3372549019608	2608.83286913974
"348"	28	2003	13.8156862745098	20.9186274509804	22.506862745098	16.6627450980392	21.1098039215686	18.4372549019608	2555.30386385817
"349"	29	2003	13.8156862745098	20.9186274509804	22.506862745098	16.6627450980392	21.1098039215686	18.4372549019608	2555.30386385817
"350"	30	2003	15.7941176470588	22.2627450980392	22.9539215686275	18.5647058823529	22.5686274509804	19.8588235294118	2660.35123605037
"351"	31	2003	16.4147058823529	23.6607843137255	23.4705882352941	18.5901960784314	22.8372549019608	21.0176470588235	2451.35195033713
"352"	32	2003	15.3852941176471	22.7254901960784	23.6735294117647	18.0235294117647	22.6901960784314	19.7862745098039	2602.05964430939
"353"	33	2003	13.7323529411765	20.528431372549	21.8901960784314	16.5235294117647	20.5294117647059	17.7529411764706	2563.33236298739
"354"	34	2003	16.4147058823529	23.6607843137255	23.4705882352941	18.5901960784314	22.8372549019608	21.0176470588235	2451.35195033713
"355"	35	2003	16.6137254901961	23.5794117647059	23.3549019607843	18.0588235294118	21.9921568627451	19.8117647058824	2419.1675171883
"356"	36	2003	15.0960784313725	22.5205882352941	23.3294117647059	16.7411764705882	22.4078431372549	19.9078431372549	2521.9947391536
"357"	37	2003	15.256862745098	23.0970588235294	22.9529411764706	17.3764705882353	21.9725490196078	19.8960784313725	2434.00797336803
"358"	38	2003	14.4676470588235	21.9460784313725	23.1441176470588	17	21.7725490196078	19.1549019607843	2545.67448390881
"359"	39	2003	14.0225490196078	21.3019607843137	22.8558823529412	16.6627450980392	21.1098039215686	18.4372549019608	2504.93615591831
"360"	40	2003	15.256862745098	23.0970588235294	22.9529411764706	17.3764705882353	21.9725490196078	19.8960784313725	2434.00797336803
"361"	1	2004	13.0637254901961	20.0921568627451	21.6705882352941	18.1411764705882	21.3078431372549	18.5509803921569	2682.66933550449
"362"	2	2004	13.3509803921569	19.8980392156863	21.6872549019608	20.0274509803922	21.4235294117647	18.7666666666667	2716.48961574094
"363"	3	2004	12.2147058823529	20.0382352941176	21.8421568627451	17.1333333333333	20.7274509803922	18.5352941176471	2570.70903227393
"364"	4	2004	12.8617647058824	18.9598039215686	21.0245098039216	18.9549019607843	19.678431372549	17.2411764705882	2630.88072621785
"365"	5	2004	11.5274509803922	16.5274509803922	19.3450980392157	16.956862745098	17.7	16.778431372549	2683.48533427676
"366"	6	2004	12.7666666666667	19.5372549019608	21.3147058823529	17.7843137254902	20.2941176470588	17.456862745098	2580.13976482346
"367"	7	2004	12.4401960784314	20.043137254902	21.6362745098039	17.5862745098039	21.6823529411765	19.0196078431373	2658.22468083143
"368"	8	2004	12.8617647058824	18.9598039215686	21.0245098039216	18.9549019607843	19.678431372549	17.2411764705882	2630.88072621785
"369"	9	2004	12.1333333333333	18.2235294117647	20.9303921568627	17.5176470588235	18.3882352941176	17.0333333333333	2503.28620643531
"370"	10	2004	12.4	20.1294117647059	22.1598039215686	16.6627450980392	19.4254901960784	17.2235294117647	2357.6753649589
"371"	11	2004	13.0637254901961	20.0921568627451	21.6705882352941	18.1411764705882	21.3078431372549	18.5509803921569	2682.66933550449
"372"	12	2004	13.8343137254902	20.8235294117647	22.4990196078431	18.7725490196078	21.056862745098	18.6607843137255	2571.29566008947
"373"	13	2004	13.8264705882353	20.5205882352941	22.0774509803922	19.9627450980392	21.9372549019608	19.1764705882353	2706.46358793812
"374"	14	2004	11.8058823529412	18.8539215686275	20.556862745098	18.1411764705882	21.3078431372549	18.5509803921569	2787.59105309951
"375"	15	2004	13.9294117647059	19.75	21.6166666666667	19.9627450980392	21.9372549019608	19.1764705882353	2811.16334860725
"376"	16	2004	13.3509803921569	19.8980392156863	21.6872549019608	20.0274509803922	21.4235294117647	18.7666666666667	2716.48961574094
"377"	17	2004	12.3	17.8009803921569	20.2264705882353	18.043137254902	17.9725490196078	16.2333333333333	2527.7913147702
"378"	18	2004	13.8343137254902	20.8235294117647	22.4990196078431	18.7725490196078	21.056862745098	18.6607843137255	2571.29566008947
"379"	19	2004	12.2627450980392	18.8294117647059	21.028431372549	18.3803921568627	19.8686274509804	17.343137254902	2611.73748270816
"380"	20	2004	12.3	17.8009803921569	20.2264705882353	18.043137254902	17.9725490196078	16.2333333333333	2527.7913147702
"381"	21	2004	12.2627450980392	18.8294117647059	21.028431372549	18.3803921568627	19.8686274509804	17.343137254902	2611.73748270816
"382"	22	2004	13.8264705882353	20.5205882352941	22.0774509803922	19.9627450980392	21.9372549019608	19.1764705882353	2706.46358793812
"383"	23	2004	12.7666666666667	19.5372549019608	21.3147058823529	17.7843137254902	20.2941176470588	17.456862745098	2580.13976482346
"384"	24	2004	13.8264705882353	20.5205882352941	22.0774509803922	19.9627450980392	21.9372549019608	19.1764705882353	2706.46358793812
"385"	25	2004	12.6107843137255	18.9333333333333	21.0862745098039	18.3803921568627	19.8686274509804	17.343137254902	2654.04884094823
"386"	26	2004	12.7666666666667	19.5372549019608	21.3147058823529	17.7843137254902	20.2941176470588	17.456862745098	2580.13976482346
"387"	27	2004	12.4676470588235	19.8264705882353	21.4519607843137	18.5235294117647	22.4705882352941	19.3607843137255	2828.48222081238
"388"	28	2004	12.1833333333333	18.0088235294118	20.6343137254902	17.5176470588235	18.3882352941176	17.0333333333333	2560.19447478222
"389"	29	2004	12.1833333333333	18.0088235294118	20.6343137254902	17.5176470588235	18.3882352941176	17.0333333333333	2560.19447478222
"390"	30	2004	13.9294117647059	19.75	21.6166666666667	19.9627450980392	21.9372549019608	19.1764705882353	2811.16334860725
"391"	31	2004	13.3607843137255	20.7558823529412	22.3549019607843	18.8058823529412	21.7	18.9901960784314	2659.40685842049
"392"	32	2004	13.3509803921569	19.8980392156863	21.6872549019608	20.0274509803922	21.4235294117647	18.7666666666667	2716.48961574094
"393"	33	2004	12.3	17.8009803921569	20.2264705882353	18.043137254902	17.9725490196078	16.2333333333333	2527.7913147702
"394"	34	2004	13.3607843137255	20.7558823529412	22.3549019607843	18.8058823529412	21.7	18.9901960784314	2659.40685842049
"395"	35	2004	13.8343137254902	20.8235294117647	22.4990196078431	18.7725490196078	21.056862745098	18.6607843137255	2571.29566008947
"396"	36	2004	12.7666666666667	19.5372549019608	21.3147058823529	17.7843137254902	20.2941176470588	17.456862745098	2580.13976482346
"397"	37	2004	12.2147058823529	20.0382352941176	21.8421568627451	17.1333333333333	20.7274509803922	18.5352941176471	2570.70903227393
"398"	38	2004	12.6107843137255	18.9333333333333	21.0862745098039	18.3803921568627	19.8686274509804	17.343137254902	2654.04884094823
"399"	39	2004	12.1333333333333	18.2235294117647	20.9303921568627	17.5176470588235	18.3882352941176	17.0333333333333	2503.28620643531
"400"	40	2004	12.2147058823529	20.0382352941176	21.8421568627451	17.1333333333333	20.7274509803922	18.5352941176471	2570.70903227393
"401"	1	2005	14.6578431372549	21.7990196078431	21.4401960784314	17.7705882352941	22.2490196078431	19	2561.16875092373
"402"	2	2005	14.0813725490196	21.7794117647059	21.7186274509804	17.9352941176471	22.1627450980392	20.0509803921569	2513.93311303965
"403"	3	2005	14.6254901960784	21.2745098039216	20.6098039215686	16.9176470588235	21.0901960784314	18.721568627451	2561.28224262539
"404"	4	2005	13.45	20.6009803921569	20.6137254901961	16.2	20.543137254902	18.2352941176471	2422.91578974218
"405"	5	2005	11.9166666666667	17.45	18.8039215686275	15.6235294117647	19.2588235294118	16.0803921568627	2681.81547252708
"406"	6	2005	13.8833333333333	21.3343137254902	21.093137254902	16.9803921568627	20.821568627451	18.6098039215686	2406.88368101606
"407"	7	2005	14.5313725490196	21.1823529411765	20.6137254901961	17.3196078431373	20.6823529411765	19.1470588235294	2543.57905393947
"408"	8	2005	13.45	20.6009803921569	20.6137254901961	16.2	20.543137254902	18.2352941176471	2422.91578974218
"409"	9	2005	13.143137254902	19.5941176470588	20.0705882352941	15.7117647058824	19.4627450980392	16.7411764705882	2416.77368654964
"410"	10	2005	14.7764705882353	21.6117647058824	20.8470588235294	16.4254901960784	20.2352941176471	18.0529411764706	2420.23469377182
"411"	11	2005	14.6578431372549	21.7990196078431	21.4401960784314	17.7705882352941	22.2490196078431	19	2561.16875092373
"412"	12	2005	15.7509803921569	22.5892156862745	21.9833333333333	18.3450980392157	22	19.556862745098	2417.66593179764
"413"	13	2005	15.0411764705882	22.4	22.1009803921569	18.7588235294118	22.8764705882353	20.2529411764706	2572.98328380633
"414"	14	2005	13.4362745098039	20.506862745098	19.9254901960784	17.7705882352941	22.2490196078431	19	2697.28955914333
"415"	15	2005	14.5490196078431	21.7098039215686	21.5911764705882	18.7588235294118	22.8764705882353	20.2529411764706	2617.99177954265
"416"	16	2005	14.0813725490196	21.7794117647059	21.7186274509804	17.9352941176471	22.1627450980392	20.0509803921569	2513.93311303965
"417"	17	2005	12.856862745098	19.0460784313725	19.4313725490196	15.3705882352941	20.0039215686275	17.1901960784314	2608.33648290311
"418"	18	2005	15.7509803921569	22.5892156862745	21.9833333333333	18.3450980392157	22	19.556862745098	2417.66593179764
"419"	19	2005	13.4970588235294	20.4294117647059	20.4196078431373	16.8	20.6960784313725	17.943137254902	2423.21187081071
"420"	20	2005	12.856862745098	19.0460784313725	19.4313725490196	15.3705882352941	20.0039215686275	17.1901960784314	2608.33648290311
"421"	21	2005	13.4970588235294	20.4294117647059	20.4196078431373	16.8	20.6960784313725	17.943137254902	2423.21187081071
"422"	22	2005	15.0411764705882	22.4	22.1009803921569	18.7588235294118	22.8764705882353	20.2529411764706	2572.98328380633
"423"	23	2005	13.8833333333333	21.3343137254902	21.093137254902	16.9803921568627	20.821568627451	18.6098039215686	2406.88368101606
"424"	24	2005	15.0411764705882	22.4	22.1009803921569	18.7588235294118	22.8764705882353	20.2529411764706	2572.98328380633
"425"	25	2005	13.528431372549	20.5970588235294	20.578431372549	16.8	20.6960784313725	17.943137254902	2391.34400239361
"426"	26	2005	13.8833333333333	21.3343137254902	21.093137254902	16.9803921568627	20.821568627451	18.6098039215686	2406.88368101606
"427"	27	2005	14.4156862745098	21.3019607843137	20.6480392156863	17.8666666666667	22.5	19.9196078431373	2703.35360643628
"428"	28	2005	12.9833333333333	19.3147058823529	19.8264705882353	15.7117647058824	19.4627450980392	16.7411764705882	2493.33755243924
"429"	29	2005	12.9833333333333	19.3147058823529	19.8264705882353	15.7117647058824	19.4627450980392	16.7411764705882	2493.33755243924
"430"	30	2005	14.5490196078431	21.7098039215686	21.5911764705882	18.7588235294118	22.8764705882353	20.2529411764706	2617.99177954265
"431"	31	2005	15.5245098039216	22.271568627451	21.7009803921569	17.6254901960784	21.4843137254902	19.7	2393.81690298883
"432"	32	2005	14.0813725490196	21.7794117647059	21.7186274509804	17.9352941176471	22.1627450980392	20.0509803921569	2513.93311303965
"433"	33	2005	12.856862745098	19.0460784313725	19.4313725490196	15.3705882352941	20.0039215686275	17.1901960784314	2608.33648290311
"434"	34	2005	15.5245098039216	22.271568627451	21.7009803921569	17.6254901960784	21.4843137254902	19.7	2393.81690298883
"435"	35	2005	15.7509803921569	22.5892156862745	21.9833333333333	18.3450980392157	22	19.556862745098	2417.66593179764
"436"	36	2005	13.8833333333333	21.3343137254902	21.093137254902	16.9803921568627	20.821568627451	18.6098039215686	2406.88368101606
"437"	37	2005	14.6254901960784	21.2745098039216	20.6098039215686	16.9176470588235	21.0901960784314	18.721568627451	2561.28224262539
"438"	38	2005	13.528431372549	20.5970588235294	20.578431372549	16.8	20.6960784313725	17.943137254902	2391.34400239361
"439"	39	2005	13.143137254902	19.5941176470588	20.0705882352941	15.7117647058824	19.4627450980392	16.7411764705882	2416.77368654964
"440"	40	2005	14.6254901960784	21.2745098039216	20.6098039215686	16.9176470588235	21.0901960784314	18.721568627451	2561.28224262539
"441"	1	2006	14.4833333333333	21.7	21.1725490196078	17.6156862745098	24.2156862745098	18.6764705882353	2747.68701014116
"442"	2	2006	14.243137254902	22.1333333333333	21.3372549019608	17.5058823529412	23.3254901960784	17.9176470588235	2560.65895092147
"443"	3	2006	14.6686274509804	21.1333333333333	20.4901960784314	17.7235294117647	21.6549019607843	19.1666666666667	2578.78881976423
"444"	4	2006	13.7058823529412	21.35	20.693137254902	15.7450980392157	22.078431372549	16.9647058823529	2501.17056174902
"445"	5	2006	11.8058823529412	18.378431372549	19.1480392156863	13.8313725490196	21.0607843137255	15.178431372549	2660.72673681532
"446"	6	2006	13.8352941176471	21.4058823529412	20.9617647058824	16.3666666666667	23.0803921568627	17.0294117647059	2593.47195750588
"447"	7	2006	14.4921568627451	21.0303921568627	20.6686274509804	18.4725490196078	22.5196078431373	19.8117647058824	2693.73503534461
"448"	8	2006	13.7058823529412	21.35	20.693137254902	15.7450980392157	22.078431372549	16.9647058823529	2501.17056174902
"449"	9	2006	13.1460784313725	20.3147058823529	20.2049019607843	14.7764705882353	21.4941176470588	15.5764705882353	2448.87012269902
"450"	10	2006	14.9754901960784	21.5186274509804	20.8176470588235	17.3058823529412	20.5117647058824	18.721568627451	2423.28393121486
"451"	11	2006	14.4833333333333	21.7	21.1725490196078	17.6156862745098	24.2156862745098	18.6764705882353	2747.68701014116
"452"	12	2006	15.8019607843137	22.6803921568627	21.9186274509804	18.021568627451	22.9666666666667	19.7117647058824	2573.41411556773
"453"	13	2006	15.0803921568627	22.5509803921569	21.7441176470588	18.5352941176471	23.6686274509804	19.1588235294118	2614.22122897083
"454"	14	2006	13.1098039215686	20.2490196078431	20.0039215686275	17.6156862745098	24.2156862745098	18.6764705882353	2827.44510935806
"455"	15	2006	14.5970588235294	22.1411764705882	21.4323529411765	18.5352941176471	23.6686274509804	19.1588235294118	2644.02517035955
"456"	16	2006	14.243137254902	22.1333333333333	21.3372549019608	17.5058823529412	23.3254901960784	17.9176470588235	2560.65895092147
"457"	17	2006	13.0117647058824	20.1852941176471	19.9774509803922	14.0980392156863	21.3254901960784	15.9470588235294	2494.01745391403
"458"	18	2006	15.8019607843137	22.6803921568627	21.9186274509804	18.021568627451	22.9666666666667	19.7117647058824	2573.41411556773
"459"	19	2006	13.3372549019608	20.6803921568627	20.6549019607843	15.5490196078431	22.343137254902	16.6352941176471	2523.12449324649
"460"	20	2006	13.0117647058824	20.1852941176471	19.9774509803922	14.0980392156863	21.3254901960784	15.9470588235294	2494.01745391403
"461"	21	2006	13.3372549019608	20.6803921568627	20.6549019607843	15.5490196078431	22.343137254902	16.6352941176471	2523.12449324649
"462"	22	2006	15.0803921568627	22.5509803921569	21.7441176470588	18.5352941176471	23.6686274509804	19.1588235294118	2614.22122897083
"463"	23	2006	13.8352941176471	21.4058823529412	20.9617647058824	16.3666666666667	23.0803921568627	17.0294117647059	2593.47195750588
"464"	24	2006	15.0803921568627	22.5509803921569	21.7441176470588	18.5352941176471	23.6686274509804	19.1588235294118	2614.22122897083
"465"	25	2006	13.5725490196078	21.0480392156863	20.7725490196078	15.5490196078431	22.343137254902	16.6352941176471	2494.30145463585
"466"	26	2006	13.8352941176471	21.4058823529412	20.9617647058824	16.3666666666667	23.0803921568627	17.0294117647059	2593.47195750588
"467"	27	2006	14.2186274509804	21.0941176470588	20.6950980392157	18.6411764705882	24.2862745098039	20.0470588235294	2849.31664098878
"468"	28	2006	13.0362745098039	20.2078431372549	20.2294117647059	14.7764705882353	21.4941176470588	15.5764705882353	2490.49342093978
"469"	29	2006	13.0362745098039	20.2078431372549	20.2294117647059	14.7764705882353	21.4941176470588	15.5764705882353	2490.49342093978
"470"	30	2006	14.5970588235294	22.1411764705882	21.4323529411765	18.5352941176471	23.6686274509804	19.1588235294118	2644.02517035955
"471"	31	2006	15.4	22.1558823529412	21.5813725490196	18.1019607843137	23.4529411764706	19.6960784313725	2650.07121328541
"472"	32	2006	14.243137254902	22.1333333333333	21.3372549019608	17.5058823529412	23.3254901960784	17.9176470588235	2560.65895092147
"473"	33	2006	13.0117647058824	20.1852941176471	19.9774509803922	14.0980392156863	21.3254901960784	15.9470588235294	2494.01745391403
"474"	34	2006	15.4	22.1558823529412	21.5813725490196	18.1019607843137	23.4529411764706	19.6960784313725	2650.07121328541
"475"	35	2006	15.8019607843137	22.6803921568627	21.9186274509804	18.021568627451	22.9666666666667	19.7117647058824	2573.41411556773
"476"	36	2006	13.8352941176471	21.4058823529412	20.9617647058824	16.3666666666667	23.0803921568627	17.0294117647059	2593.47195750588
"477"	37	2006	14.6686274509804	21.1333333333333	20.4901960784314	17.7235294117647	21.6549019607843	19.1666666666667	2578.78881976423
"478"	38	2006	13.5725490196078	21.0480392156863	20.7725490196078	15.5490196078431	22.343137254902	16.6352941176471	2494.30145463585
"479"	39	2006	13.1460784313725	20.3147058823529	20.2049019607843	14.7764705882353	21.4941176470588	15.5764705882353	2448.87012269902
"480"	40	2006	14.6686274509804	21.1333333333333	20.4901960784314	17.7235294117647	21.6549019607843	19.1666666666667	2578.78881976423
"481"	1	2007	16.6029411764706	19.2823529411765	20.0303921568627	17.5098039215686	18.9058823529412	17.7960784313725	2639.3195762055
"482"	2	2007	16.7343137254902	19.1686274509804	20.571568627451	17.3862745098039	18.7686274509804	15.3196078431373	2618.9169405984
"483"	3	2007	14.9813725490196	19.0852941176471	19.4852941176471	16.7686274509804	20.4882352941176	18.5254901960784	2775.36365660362
"484"	4	2007	15.993137254902	18.4843137254902	19.7656862745098	16.9960784313725	17.3647058823529	15.7627450980392	2554.45617402988
"485"	5	2007	13.9990196078431	16.4862745098039	18.1980392156863	16.7509803921569	16.8117647058824	15.1588235294118	2772.0364243652
"486"	6	2007	16.4745098039216	18.9352941176471	19.871568627451	18.156862745098	17.8901960784314	16.9274509803922	2581.42970612811
"487"	7	2007	15.0323529411765	19.2578431372549	19.778431372549	17.1980392156863	20.7647058823529	19.3666666666667	2798.11263866196
"488"	8	2007	15.993137254902	18.4843137254902	19.7656862745098	16.9960784313725	17.3647058823529	15.7627450980392	2554.45617402988
"489"	9	2007	15.893137254902	18.1803921568627	19.0813725490196	17.5705882352941	16.8058823529412	15.2019607843137	2540.57567702535
"490"	10	2007	15.1950980392157	19.121568627451	19.6352941176471	15.7313725490196	19.343137254902	17.8039215686275	2608.23940925135
"491"	11	2007	16.6029411764706	19.2823529411765	20.0303921568627	17.5098039215686	18.9058823529412	17.7960784313725	2639.3195762055
"492"	12	2007	17.1490196078431	19.956862745098	20.6607843137255	16.8196078431373	19.9392156862745	18.8333333333333	2571.37503506192
"493"	13	2007	17.2666666666667	19.6794117647059	20.7901960784314	17.9137254901961	20.8549019607843	19.9078431372549	2760.5892728277
"494"	14	2007	15.3892156862745	18.2274509803922	18.6892156862745	17.5098039215686	18.9058823529412	17.7960784313725	2875.35339363094
"495"	15	2007	16.7970588235294	19.1264705882353	20.6970588235294	17.9137254901961	20.8549019607843	19.9078431372549	2889.64952289768
"496"	16	2007	16.7343137254902	19.1686274509804	20.571568627451	17.3862745098039	18.7686274509804	15.3196078431373	2618.9169405984
"497"	17	2007	15.0225490196078	17.4872549019608	18.8627450980392	16.5745098039216	16.3666666666667	14.9156862745098	2649.98757157621
"498"	18	2007	17.1490196078431	19.956862745098	20.6607843137255	16.8196078431373	19.9392156862745	18.8333333333333	2571.37503506192
"499"	19	2007	16.3549019607843	18.6774509803922	19.3480392156863	17.5333333333333	18.0078431372549	16.0137254901961	2534.30075039546
"500"	20	2007	15.0225490196078	17.4872549019608	18.8627450980392	16.5745098039216	16.3666666666667	14.9156862745098	2649.98757157621
"501"	21	2007	16.3549019607843	18.6774509803922	19.3480392156863	17.5333333333333	18.0078431372549	16.0137254901961	2534.30075039546
"502"	22	2007	17.2666666666667	19.6794117647059	20.7901960784314	17.9137254901961	20.8549019607843	19.9078431372549	2760.5892728277
"503"	23	2007	16.4745098039216	18.9352941176471	19.871568627451	18.156862745098	17.8901960784314	16.9274509803922	2581.42970612811
"504"	24	2007	17.2666666666667	19.6794117647059	20.7901960784314	17.9137254901961	20.8549019607843	19.9078431372549	2760.5892728277
"505"	25	2007	16.2411764705882	18.6245098039216	19.6294117647059	17.5333333333333	18.0078431372549	16.0137254901961	2572.51200613877
"506"	26	2007	16.4745098039216	18.9352941176471	19.871568627451	18.156862745098	17.8901960784314	16.9274509803922	2581.42970612811
"507"	27	2007	15.6656862745098	19.1107843137255	19.5323529411765	17.5019607843137	20.0333333333333	19.0156862745098	2779.91809199456
"508"	28	2007	15.4401960784314	17.7892156862745	19.0588235294118	17.5705882352941	16.8058823529412	15.2019607843137	2618.52574460437
"509"	29	2007	15.4401960784314	17.7892156862745	19.0588235294118	17.5705882352941	16.8058823529412	15.2019607843137	2618.52574460437
"510"	30	2007	16.7970588235294	19.1264705882353	20.6970588235294	17.9137254901961	20.8549019607843	19.9078431372549	2889.64952289768
"511"	31	2007	16.6911764705882	19.8490196078431	20.3264705882353	17.4078431372549	20.1686274509804	18.9745098039216	2617.55652582558
"512"	32	2007	16.7343137254902	19.1686274509804	20.571568627451	17.3862745098039	18.7686274509804	15.3196078431373	2618.9169405984
"513"	33	2007	15.0225490196078	17.4872549019608	18.8627450980392	16.5745098039216	16.3666666666667	14.9156862745098	2649.98757157621
"514"	34	2007	16.6911764705882	19.8490196078431	20.3264705882353	17.4078431372549	20.1686274509804	18.9745098039216	2617.55652582558
"515"	35	2007	17.1490196078431	19.956862745098	20.6607843137255	16.8196078431373	19.9392156862745	18.8333333333333	2571.37503506192
"516"	36	2007	16.4745098039216	18.9352941176471	19.871568627451	18.156862745098	17.8901960784314	16.9274509803922	2581.42970612811
"517"	37	2007	14.9813725490196	19.0852941176471	19.4852941176471	16.7686274509804	20.4882352941176	18.5254901960784	2775.36365660362
"518"	38	2007	16.2411764705882	18.6245098039216	19.6294117647059	17.5333333333333	18.0078431372549	16.0137254901961	2572.51200613877
"519"	39	2007	15.893137254902	18.1803921568627	19.0813725490196	17.5705882352941	16.8058823529412	15.2019607843137	2540.57567702535
"520"	40	2007	14.9813725490196	19.0852941176471	19.4852941176471	16.7686274509804	20.4882352941176	18.5254901960784	2775.36365660362
"521"	1	2008	14.0333333333333	18.8833333333333	21.3313725490196	16.2372549019608	21.1352941176471	18.3823529411765	2784.85393953358
"522"	2	2008	14.0186274509804	18.4960784313725	19.7049019607843	18.1019607843137	22.9705882352941	18.3039215686275	3071.14163161364
"523"	3	2008	12.6441176470588	17.4921568627451	20.1637254901961	18.3490196078431	20.8725490196078	19.7509803921569	2967.74070119052
"524"	4	2008	13.5343137254902	17.9862745098039	18.956862745098	17.5705882352941	20.9764705882353	17.0980392156863	2942.22137878581
"525"	5	2008	13.2803921568627	16.6558823529412	17.9970588235294	17.9588235294118	19.0313725490196	16.5862745098039	3052.87559324289
"526"	6	2008	13.2941176470588	17.9441176470588	19.8421568627451	16.6745098039216	21.2392156862745	18.1078431372549	2948.68916693761
"527"	7	2008	13.071568627451	18.1107843137255	21.328431372549	18.5235294117647	21.6	20.2313725490196	2942.80605330229
"528"	8	2008	13.5343137254902	17.9862745098039	18.956862745098	17.5705882352941	20.9764705882353	17.0980392156863	2942.22137878581
"529"	9	2008	13.0647058823529	17.6225490196078	19.0333333333333	18.3862745098039	19.656862745098	16.8745098039216	2905.17670155296
"530"	10	2008	13.2362745098039	17.5803921568627	20.0294117647059	17.8372549019608	20.243137254902	19.243137254902	2952.99692020123
"531"	11	2008	14.0333333333333	18.8833333333333	21.3313725490196	16.2372549019608	21.1352941176471	18.3823529411765	2784.85393953358
"532"	12	2008	15.3107843137255	19.5441176470588	21.3019607843137	17.7823529411765	21.3686274509804	18.8627450980392	2793.67364878538
"533"	13	2008	15.0294117647059	19.6009803921569	20.9833333333333	17.9078431372549	22.8274509803922	18.4862745098039	2928.00134052122
"534"	14	2008	13.256862745098	17.9705882352941	20.4009803921569	16.2372549019608	21.1352941176471	18.3823529411765	2923.35692773264
"535"	15	2008	14.4490196078431	18.5147058823529	19.4774509803922	17.9078431372549	22.8274509803922	18.4862745098039	3124.66406929127
"536"	16	2008	14.0186274509804	18.4960784313725	19.7049019607843	18.1019607843137	22.9705882352941	18.3039215686275	3071.14163161364
"537"	17	2008	12.9450980392157	16.6666666666667	17.5235294117647	18.0450980392157	19.4666666666667	16.3686274509804	3088.88969469589
"538"	18	2008	15.3107843137255	19.5441176470588	21.3019607843137	17.7823529411765	21.3686274509804	18.8627450980392	2793.67364878538
"539"	19	2008	13.2441176470588	18.4127450980392	20.1264705882353	17.6254901960784	20.4725490196078	17.5313725490196	2775.75358425974
"540"	20	2008	12.9450980392157	16.6666666666667	17.5235294117647	18.0450980392157	19.4666666666667	16.3686274509804	3088.88969469589
"541"	21	2008	13.2441176470588	18.4127450980392	20.1264705882353	17.6254901960784	20.4725490196078	17.5313725490196	2775.75358425974
"542"	22	2008	15.0294117647059	19.6009803921569	20.9833333333333	17.9078431372549	22.8274509803922	18.4862745098039	2928.00134052122
"543"	23	2008	13.2941176470588	17.9441176470588	19.8421568627451	16.6745098039216	21.2392156862745	18.1078431372549	2948.68916693761
"544"	24	2008	15.0294117647059	19.6009803921569	20.9833333333333	17.9078431372549	22.8274509803922	18.4862745098039	2928.00134052122
"545"	25	2008	13.5117647058824	18.5990196078431	19.9137254901961	17.6254901960784	20.4725490196078	17.5313725490196	2787.89099940872
"546"	26	2008	13.2941176470588	17.9441176470588	19.8421568627451	16.6745098039216	21.2392156862745	18.1078431372549	2948.68916693761
"547"	27	2008	14.6127450980392	20.178431372549	23.0705882352941	17.2450980392157	21.7156862745098	19.9588235294118	2757.37054144535
"548"	28	2008	12.9558823529412	17.2176470588235	18.4764705882353	18.3862745098039	19.656862745098	16.8745098039216	2997.43770244946
"549"	29	2008	12.9558823529412	17.2176470588235	18.4764705882353	18.3862745098039	19.656862745098	16.8745098039216	2997.43770244946
"550"	30	2008	14.4490196078431	18.5147058823529	19.4774509803922	17.9078431372549	22.8274509803922	18.4862745098039	3124.66406929127
"551"	31	2008	15.043137254902	20.0872549019608	22.7294117647059	17.5372549019608	21.7980392156863	19.3941176470588	2773.47724589214
"552"	32	2008	14.0186274509804	18.4960784313725	19.7049019607843	18.1019607843137	22.9705882352941	18.3039215686275	3071.14163161364
"553"	33	2008	12.9450980392157	16.6666666666667	17.5235294117647	18.0450980392157	19.4666666666667	16.3686274509804	3088.88969469589
"554"	34	2008	15.043137254902	20.0872549019608	22.7294117647059	17.5372549019608	21.7980392156863	19.3941176470588	2773.47724589214
"555"	35	2008	15.3107843137255	19.5441176470588	21.3019607843137	17.7823529411765	21.3686274509804	18.8627450980392	2793.67364878538
"556"	36	2008	13.2941176470588	17.9441176470588	19.8421568627451	16.6745098039216	21.2392156862745	18.1078431372549	2948.68916693761
"557"	37	2008	12.6441176470588	17.4921568627451	20.1637254901961	18.3490196078431	20.8725490196078	19.7509803921569	2967.74070119052
"558"	38	2008	13.5117647058824	18.5990196078431	19.9137254901961	17.6254901960784	20.4725490196078	17.5313725490196	2787.89099940872
"559"	39	2008	13.0647058823529	17.6225490196078	19.0333333333333	18.3862745098039	19.656862745098	16.8745098039216	2905.17670155296
"560"	40	2008	12.6441176470588	17.4921568627451	20.1637254901961	18.3490196078431	20.8725490196078	19.7509803921569	2967.74070119052
"561"	1	2009	14.6137254901961	20.5549019607843	23.0705882352941	18.3333333333333	22.1411764705882	20.1843137254902	2701.31048756688
"562"	2	2009	14.2558823529412	19.7235294117647	20.9823529411765	19.5176470588235	23.2725490196078	20.5313725490196	3060.82772369124
"563"	3	2009	12.6382352941176	18.8078431372549	21.1450980392157	17.8294117647059	22.521568627451	20.0745098039216	2961.78807016912
"564"	4	2009	13.7764705882353	18.9274509803922	19.8205882352941	18.5529411764706	21.7313725490196	19.1450980392157	2949.93065832741
"565"	5	2009	12.8764705882353	17.2078431372549	18.6441176470588	16.3078431372549	21.4176470588235	17.9098039215686	3121.21579773752
"566"	6	2009	13.9274509803922	19.4058823529412	21.7274509803922	17.7352941176471	21.743137254902	20.1117647058824	2928.57213299447
"567"	7	2009	13.4921568627451	19.6637254901961	22.393137254902	18.1921568627451	23.1588235294118	21.1	2915.18571815908
"568"	8	2009	13.7764705882353	18.9274509803922	19.8205882352941	18.5529411764706	21.7313725490196	19.1450980392157	2949.93065832741
"569"	9	2009	13.5725490196078	18.1549019607843	20.1754901960784	16.8941176470588	21.3529411764706	18.6862745098039	2941.07961582527
"570"	10	2009	12.9549019607843	18.8117647058824	21.0578431372549	17.2607843137255	21.8392156862745	19.5490196078431	2879.4818425139
"571"	11	2009	14.6137254901961	20.5549019607843	23.0705882352941	18.3333333333333	22.1411764705882	20.1843137254902	2701.31048756688
"572"	12	2009	15.2862745098039	21.1725490196078	22.4627450980392	18.1313725490196	22.2980392156863	20.3313725490196	2633.33034600277
"573"	13	2009	15.0950980392157	20.8421568627451	22.2666666666667	18.7117647058824	22.778431372549	20.3019607843137	2751.72016746713
"574"	14	2009	14.128431372549	19.7480392156863	22.3882352941176	18.3333333333333	22.1411764705882	20.1843137254902	2854.74456877874
"575"	15	2009	14.0186274509804	19.3313725490196	20.2901960784314	18.7117647058824	22.778431372549	20.3019607843137	3060.84525878412
"576"	16	2009	14.2558823529412	19.7235294117647	20.9823529411765	19.5176470588235	23.2725490196078	20.5313725490196	3060.82772369124
"577"	17	2009	12.8294117647059	17.4382352941176	18.0490196078431	17.3235294117647	21.2137254901961	17.4588235294118	3085.65196132937
"578"	18	2009	15.2862745098039	21.1725490196078	22.4627450980392	18.1313725490196	22.2980392156863	20.3313725490196	2633.33034600277
"579"	19	2009	14.2823529411765	19.6676470588235	21.8274509803922	17.3039215686275	21.8235294117647	19.6254901960784	2823.29323564219
"580"	20	2009	12.8294117647059	17.4382352941176	18.0490196078431	17.3235294117647	21.2137254901961	17.4588235294118	3085.65196132937
"581"	21	2009	14.2823529411765	19.6676470588235	21.8274509803922	17.3039215686275	21.8235294117647	19.6254901960784	2823.29323564219
"582"	22	2009	15.0950980392157	20.8421568627451	22.2666666666667	18.7117647058824	22.778431372549	20.3019607843137	2751.72016746713
"583"	23	2009	13.9274509803922	19.4058823529412	21.7274509803922	17.7352941176471	21.743137254902	20.1117647058824	2928.57213299447
"584"	24	2009	15.0950980392157	20.8421568627451	22.2666666666667	18.7117647058824	22.778431372549	20.3019607843137	2751.72016746713
"585"	25	2009	14.2637254901961	19.5558823529412	21.1607843137255	17.3039215686275	21.8235294117647	19.6254901960784	2896.47070105724
"586"	26	2009	13.9274509803922	19.4058823529412	21.7274509803922	17.7352941176471	21.743137254902	20.1117647058824	2928.57213299447
"587"	27	2009	15.2745098039216	22.2	24.1901960784314	18.321568627451	22.8411764705882	21.0607843137255	2584.7256044513
"588"	28	2009	13.1843137254902	17.8372549019608	19.3647058823529	16.8941176470588	21.3529411764706	18.6862745098039	3019.67622781931
"589"	29	2009	13.1843137254902	17.8372549019608	19.3647058823529	16.8941176470588	21.3529411764706	18.6862745098039	3019.67622781931
"590"	30	2009	14.0186274509804	19.3313725490196	20.2901960784314	18.7117647058824	22.778431372549	20.3019607843137	3060.84525878412
"591"	31	2009	15.3950980392157	21.8980392156863	23.893137254902	18.5	22.7176470588235	20.7176470588235	2622.48267861659
"592"	32	2009	14.2558823529412	19.7235294117647	20.9823529411765	19.5176470588235	23.2725490196078	20.5313725490196	3060.82772369124
"593"	33	2009	12.8294117647059	17.4382352941176	18.0490196078431	17.3235294117647	21.2137254901961	17.4588235294118	3085.65196132937
"594"	34	2009	15.3950980392157	21.8980392156863	23.893137254902	18.5	22.7176470588235	20.7176470588235	2622.48267861659
"595"	35	2009	15.2862745098039	21.1725490196078	22.4627450980392	18.1313725490196	22.2980392156863	20.3313725490196	2633.33034600277
"596"	36	2009	13.9274509803922	19.4058823529412	21.7274509803922	17.7352941176471	21.743137254902	20.1117647058824	2928.57213299447
"597"	37	2009	12.6382352941176	18.8078431372549	21.1450980392157	17.8294117647059	22.521568627451	20.0745098039216	2961.78807016912
"598"	38	2009	14.2637254901961	19.5558823529412	21.1607843137255	17.3039215686275	21.8235294117647	19.6254901960784	2896.47070105724
"599"	39	2009	13.5725490196078	18.1549019607843	20.1754901960784	16.8941176470588	21.3529411764706	18.6862745098039	2941.07961582527
"600"	40	2009	12.6382352941176	18.8078431372549	21.1450980392157	17.8294117647059	22.521568627451	20.0745098039216	2961.78807016912
"601"	1	2010	13.8598039215686	20.4225490196078	22.5127450980392	18.5039215686275	21.2686274509804	19.0235294117647	2634.43453374696
"602"	2	2010	13.8225490196078	20.2098039215686	20.9637254901961	20.543137254902	22.5980392156863	20.2803921568627	2861.97595857825
"603"	3	2010	11.9833333333333	18.5196078431373	20.0392156862745	19.6823529411765	21.478431372549	20.1411764705882	3027.85649997397
"604"	4	2010	13.2862745098039	20.2490196078431	20.2254901960784	19.956862745098	22.1490196078431	18.2372549019608	2735.71811987821
"605"	5	2010	11.6872549019608	18.0362745098039	18.7137254901961	18.9196078431373	21.9470588235294	16.3764705882353	2886.0319829344
"606"	6	2010	13.1617647058824	20.0156862745098	21.393137254902	18.978431372549	20.6411764705882	19.0549019607843	2587.32080431362
"607"	7	2010	12.3225490196078	19.1176470588235	20.8823529411765	19.9862745098039	22.3901960784314	20.5549019607843	2933.55394831833
"608"	8	2010	13.2862745098039	20.2490196078431	20.2254901960784	19.956862745098	22.1490196078431	18.2372549019608	2735.71811987821
"609"	9	2010	12.2392156862745	19.7892156862745	19.7803921568627	19.4196078431373	21.7470588235294	17.3117647058824	2672.46778671471
"610"	10	2010	12.8205882352941	18.643137254902	20.2029411764706	19.0176470588235	21.0156862745098	19.5274509803922	2924.85536914393
"611"	11	2010	13.8598039215686	20.4225490196078	22.5127450980392	18.5039215686275	21.2686274509804	19.0235294117647	2634.43453374696
"612"	12	2010	15.4343137254902	20.7823529411765	22.0235294117647	18.9078431372549	21.6176470588235	19.2745098039216	2676.69714249091
"613"	13	2010	14.9392156862745	20.6833333333333	22.1539215686274	19.9509803921569	21.7843137254902	20.2823529411765	2744.72402839494
"614"	14	2010	12.9774509803922	19.0519607843137	21.5117647058824	18.5039215686275	21.2686274509804	19.0235294117647	2807.17506208972
"615"	15	2010	14.1382352941176	18.8372549019608	20.5872549019608	19.9509803921569	21.7843137254902	20.2823529411765	3036.97843547121
"616"	16	2010	13.8225490196078	20.2098039215686	20.9637254901961	20.543137254902	22.5980392156863	20.2803921568627	2861.97595857825
"617"	17	2010	12.221568627451	18.4901960784314	18.7205882352941	19.2549019607843	22.5392156862745	16.6235294117647	2975.49906084619
"618"	18	2010	15.4343137254902	20.7823529411765	22.0235294117647	18.9078431372549	21.6176470588235	19.2745098039216	2676.69714249091
"619"	19	2010	13.0607843137255	20.8735294117647	21.2450980392157	19.4666666666667	20.9647058823529	18.4274509803922	2506.9948417416
"620"	20	2010	12.221568627451	18.4901960784314	18.7205882352941	19.2549019607843	22.5392156862745	16.6235294117647	2975.49906084619
"621"	21	2010	13.0607843137255	20.8735294117647	21.2450980392157	19.4666666666667	20.9647058823529	18.4274509803922	2506.9948417416
"622"	22	2010	14.9392156862745	20.6833333333333	22.1539215686274	19.9509803921569	21.7843137254902	20.2823529411765	2744.72402839494
"623"	23	2010	13.1617647058824	20.0156862745098	21.393137254902	18.978431372549	20.6411764705882	19.0549019607843	2587.32080431362
"624"	24	2010	14.9392156862745	20.6833333333333	22.1539215686274	19.9509803921569	21.7843137254902	20.2823529411765	2744.72402839494
"625"	25	2010	13.4166666666667	21.0490196078431	20.9343137254902	19.4666666666667	20.9647058823529	18.4274509803922	2531.02510650572
"626"	26	2010	13.1617647058824	20.0156862745098	21.393137254902	18.978431372549	20.6411764705882	19.0549019607843	2587.32080431362
"627"	27	2010	14.3686274509804	21.2539215686275	23.2411764705882	19.2098039215686	21.8274509803922	19.5450980392157	2633.21623401133
"628"	28	2010	12.1303921568627	19.5156862745098	19.4	19.4196078431373	21.7470588235294	17.3117647058824	2705.50457171005
"629"	29	2010	12.1303921568627	19.5156862745098	19.4	19.4196078431373	21.7470588235294	17.3117647058824	2705.50457171005
"630"	30	2010	14.1382352941176	18.8372549019608	20.5872549019608	19.9509803921569	21.7843137254902	20.2823529411765	3036.97843547121
"631"	31	2010	14.8147058823529	21.3	23.0401960784314	19.3372549019608	22.0470588235294	19.5313725490196	2627.9972365832
"632"	32	2010	13.8225490196078	20.2098039215686	20.9637254901961	20.543137254902	22.5980392156863	20.2803921568627	2861.97595857825
"633"	33	2010	12.221568627451	18.4901960784314	18.7205882352941	19.2549019607843	22.5392156862745	16.6235294117647	2975.49906084619
"634"	34	2010	14.8147058823529	21.3	23.0401960784314	19.3372549019608	22.0470588235294	19.5313725490196	2627.9972365832
"635"	35	2010	15.4343137254902	20.7823529411765	22.0235294117647	18.9078431372549	21.6176470588235	19.2745098039216	2676.69714249091
"636"	36	2010	13.1617647058824	20.0156862745098	21.393137254902	18.978431372549	20.6411764705882	19.0549019607843	2587.32080431362
"637"	37	2010	11.9833333333333	18.5196078431373	20.0392156862745	19.6823529411765	21.478431372549	20.1411764705882	3027.85649997397
"638"	38	2010	13.4166666666667	21.0490196078431	20.9343137254902	19.4666666666667	20.9647058823529	18.4274509803922	2531.02510650572
"639"	39	2010	12.2392156862745	19.7892156862745	19.7803921568627	19.4196078431373	21.7470588235294	17.3117647058824	2672.46778671471
"640"	40	2010	11.9833333333333	18.5196078431373	20.0392156862745	19.6823529411765	21.478431372549	20.1411764705882	3027.85649997397
"641"	1	2011	16.8313725490196	20.393137254902	22.0539215686275	21.8588235294118	20.5078431372549	18.1745098039216	2695.28864048594
"642"	2	2011	16.2637254901961	19.3235294117647	20.5823529411765	22.0352941176471	22.3294117647059	18.2980392156863	3127.93526931116
"643"	3	2011	14.9911764705882	17.943137254902	20.1392156862745	21.5333333333333	20.8176470588235	19.2843137254902	3209.60065330482
"644"	4	2011	15.6696078431373	18.4303921568627	19.6852941176471	21.4980392156863	20.3019607843137	17.1098039215686	3041.06246751921
"645"	5	2011	14.4205882352941	16.7107843137255	18.506862745098	19.9294117647059	19.3196078431373	16.5647058823529	3188.5582009659
"646"	6	2011	15.6725490196078	19.2950980392157	20.706862745098	21.8588235294118	21.0862745098039	17.8901960784314	2966.41870996674
"647"	7	2011	15.4764705882353	18.7901960784314	21.3725490196078	21.7352941176471	21.1686274509804	19.7647058823529	3103.40647273827
"648"	8	2011	15.6696078431373	18.4303921568627	19.6852941176471	21.4980392156863	20.3019607843137	17.1098039215686	3041.06246751921
"649"	9	2011	15.1382352941176	18.1578431372549	19.1980392156863	20.9176470588235	19.5705882352941	16.9725490196078	2962.78881151118
"650"	10	2011	15.4009803921569	18.0598039215686	20.0401960784314	20.3607843137255	20.4529411764706	18.2254901960784	3079.5207257407
"651"	11	2011	16.8313725490196	20.393137254902	22.0539215686275	21.8588235294118	20.5078431372549	18.1745098039216	2695.28864048594
"652"	12	2011	18.2264705882353	20.2558823529412	21.85	21.6235294117647	20.6960784313725	18.3627450980392	2734.41473688341
"653"	13	2011	17.5862745098039	20.3509803921569	21.7735294117647	21.9745098039216	22.0450980392157	18.3725490196078	2900.02870531576
"654"	14	2011	15.7264705882353	19.4509803921569	21.3578431372549	21.8588235294118	20.5078431372549	18.1745098039216	2874.5158535673
"655"	15	2011	16.4343137254902	18.7411764705882	19.9558823529412	21.9745098039216	22.0450980392157	18.3725490196078	3179.95392250344
"656"	16	2011	16.2637254901961	19.3235294117647	20.5823529411765	22.0352941176471	22.3294117647059	18.2980392156863	3127.93526931116
"657"	17	2011	14.5303921568627	16.8235294117647	18.3245098039216	20.5843137254902	19.2	16.7039215686275	3194.43351632883
"658"	18	2011	18.2264705882353	20.2558823529412	21.85	21.6235294117647	20.6960784313725	18.3627450980392	2734.41473688341
"659"	19	2011	15.8480392156863	19.5637254901961	20.6362745098039	21.856862745098	21.0490196078431	17.1666666666667	2931.50294163451
"660"	20	2011	14.5303921568627	16.8235294117647	18.3245098039216	20.5843137254902	19.2	16.7039215686275	3194.43351632883
"661"	21	2011	15.8480392156863	19.5637254901961	20.6362745098039	21.856862745098	21.0490196078431	17.1666666666667	2931.50294163451
"662"	22	2011	17.5862745098039	20.3509803921569	21.7735294117647	21.9745098039216	22.0450980392157	18.3725490196078	2900.02870531576
"663"	23	2011	15.6725490196078	19.2950980392157	20.706862745098	21.8588235294118	21.0862745098039	17.8901960784314	2966.41870996674
"664"	24	2011	17.5862745098039	20.3509803921569	21.7735294117647	21.9745098039216	22.0450980392157	18.3725490196078	2900.02870531576
"665"	25	2011	15.9754901960784	19.2764705882353	20.3313725490196	21.856862745098	21.0490196078431	17.1666666666667	2963.79783999691
"666"	26	2011	15.6725490196078	19.2950980392157	20.706862745098	21.8588235294118	21.0862745098039	17.8901960784314	2966.41870996674
"667"	27	2011	17.6823529411765	21.1372549019608	23.0225490196078	21.9882352941176	20.8254901960784	19.2509803921569	2595.10992621597
"668"	28	2011	14.7696078431373	17.6392156862745	18.8901960784314	20.9176470588235	19.5705882352941	16.9725490196078	3092.28889726597
"669"	29	2011	14.7696078431373	17.6392156862745	18.8901960784314	20.9176470588235	19.5705882352941	16.9725490196078	3092.28889726597
"670"	30	2011	16.4343137254902	18.7411764705882	19.9558823529412	21.9745098039216	22.0450980392157	18.3725490196078	3179.95392250344
"671"	31	2011	18.0382352941176	21.2058823529412	22.9098039215686	21.9843137254902	20.6470588235294	18.8725490196078	2600.82535751249
"672"	32	2011	16.2637254901961	19.3235294117647	20.5823529411765	22.0352941176471	22.3294117647059	18.2980392156863	3127.93526931116
"673"	33	2011	14.5303921568627	16.8235294117647	18.3245098039216	20.5843137254902	19.2	16.7039215686275	3194.43351632883
"674"	34	2011	18.0382352941176	21.2058823529412	22.9098039215686	21.9843137254902	20.6470588235294	18.8725490196078	2600.82535751249
"675"	35	2011	18.2264705882353	20.2558823529412	21.85	21.6235294117647	20.6960784313725	18.3627450980392	2734.41473688341
"676"	36	2011	15.6725490196078	19.2950980392157	20.706862745098	21.8588235294118	21.0862745098039	17.8901960784314	2966.41870996674
"677"	37	2011	14.9911764705882	17.943137254902	20.1392156862745	21.5333333333333	20.8176470588235	19.2843137254902	3209.60065330482
"678"	38	2011	15.9754901960784	19.2764705882353	20.3313725490196	21.856862745098	21.0490196078431	17.1666666666667	2963.79783999691
"679"	39	2011	15.1382352941176	18.1578431372549	19.1980392156863	20.9176470588235	19.5705882352941	16.9725490196078	2962.78881151118
"680"	40	2011	14.9911764705882	17.943137254902	20.1392156862745	21.5333333333333	20.8176470588235	19.2843137254902	3209.60065330482
